0.999989761799087
0.999999027723810
0.999997037612213
0.999995874312862
0.999996939403972
0.999999918766525
0.999991050279696
0.999999684244741
0.999999562758930
0.999998794862605
0.999997874223877
0.999990825436343
0.999998820211150
0.999999622038646
0.999996986003397
0.999995641559289
0.999998238043369
0.999996514390610
0.999999294153446
0.999994252151296
0.999988135687296
0.999999096637656
0.999998681704840
0.999995573699040
0.999996996049176
0.999997666583705
0.999996854406823
0.999999356672247
0.999999236350383
0.999998374525259
0.999998804972787
0.999996707883690
0.999996829012773
0.999997470308444
0.999998892541681
0.999995866568687
0.999992590719623
0.999999634972285
0.999994270212472
0.999999055548000
0.999997946582901
0.999993472763972
0.999998581663682
0.999993912228333
0.999999550166260
0.999998114334005
0.999998829448071
0.999999079660923
0.999999383814788
0.999996096794398
0.999996908781686
0.999999972864359
0.999998597097095
0.999996433845436
0.999995288622636
0.999995847133276
0.999997950172180
0.999999821286513
0.999999172950968
0.999996310759842
0.999997535646786
0.999998495656304
0.999995627181800
0.999995474104065
0.999998301757188
0.999998150893201
0.999997539617549
0.999999500466146
0.999995537879771
0.999994864814913
0.999999858213430
0.999998876760186
0.999990083182128
0.999995445923222
0.999997992657435
0.999997877703813
0.999997200711846
0.999999931226996
0.999999616247322
0.999997180638545
0.999996446197772
0.999997946002226
0.999991801423273
0.999997788152955
0.999999176131194
0.999999615452748
0.999995436871170
0.999995845068362
0.999997419485013
0.999996877137504
0.999999462274182
0.999999069296862
0.999996747030781
0.999997024707797
0.999996834121903
0.999994838795935
0.999999006879593
0.999999479000813
0.999999736659582
0.999998530643031
0.999998072860042
0.999996597618688
0.999989256424220
0.999990129767090
0.999996923884763
0.999995477721397
0.999999085815841
0.999998840265998
0.999995124955322
0.999994071314301
0.999998048225336
0.999999561692803
0.999989250689402
0.999996663688618
0.999999048814334
0.999998791579709
0.999998347556388
0.999991096379228
0.999996877041068
0.999998020657915
0.999998683153573
0.999997578126637
0.999998986031650
0.999995855602881
0.999995545463939
0.999999816870705
0.999994045050854
0.999998234029036
0.999998872095758
0.999997445478477
0.999998073353854
0.999699594917157
0.999187857469141
0.999329050426671
0.999196845479092
0.999557519973635
0.999244912605918
0.999053095533224
0.999959039559510
0.999962527768590
0.999091065762253
0.998339442736539
0.999634837918499
0.999685745640691
0.999334612169177
0.999704250985383
0.999890665062770
0.998281729967182
0.995469718751522
0.995280051835543
0.995192888084653
0.996617786822096
0.998353856018748
0.999580767569302
0.999984745309747
0.999531960950149
0.998959651750199
0.999338952123108
0.999952095730553
0.999851684376028
0.999627965216509
0.999976580268665
0.999741546878081
0.999508389134482
0.999917715435802
0.998690077334974
0.996661229719395
0.998364106424785
0.999829857568694
0.999262921196942
0.998770003576216
0.999545065354530
0.999959289311875
0.999822669151367
0.999783935307147
0.999979459356593
0.999648007044576
0.999203415100858
0.997855467865605
0.993963121108666
0.994674252765331
0.999427078140694
0.999158852535834
0.999184508546139
0.999841957727895
0.999936383789631
0.999223912014585
0.998387478866014
0.996912063821871
0.997739501174744
0.999644779290928
0.999820946157723
0.999989574296775
0.999591892061958
0.999575551235961
0.999542106378937
0.997395312167970
0.998956772875936
0.999807821546449
0.998676157402937
0.999775436868679
0.998778772335386
0.998192847283814
0.999597040690929
0.999946842541951
0.999786698835429
0.999975258773584
0.999602998690181
0.999225556846165
0.999794306593189
0.999924279814847
0.999954062959303
0.999857697883043
0.999647584011237
0.999844981207301
0.999962782880721
0.999199609888185
0.999839782607061
0.999913759756298
0.999954517963326
0.999672789558295
0.999726451513382
0.999792413366262
0.999713014689376
0.999845383602083
0.999691429516485
0.999697368524871
0.999730632391007
0.999722844119485
0.999447784531421
0.999397324808334
0.999494540580452
0.999801785631610
0.999698009768405
0.999630198981854
0.999576776434044
0.999597220150556
0.999930940618602
0.999690553809823
0.999501012014236
0.999948521659591
0.999804278994181
0.999074885816488
0.998719008220372
0.999666366589164
0.999511477904252
0.997903155017674
0.997458510302783
0.998811435907694
0.999267716942140
0.999722595993010
0.999800335370450
0.999427337271993
0.999666068045141
0.999601538665245
0.999490379620199
0.999810431133347
0.999926993159729
0.999775979419444
0.999952566372855
0.999879958871178
0.999360925449517
0.998844794658998
0.998282458889253
0.999880417174639
0.999401194036860
0.999805583327445
0.999960311483772
0.999566899460548
0.997699771569275
0.996708541322409
0.998438620983386
0.999932358581441
0.999944640868185
0.999705204041284
0.999652032140507
0.999966657841170
0.999472494076891
0.997484810928767
0.998841276890600
0.999719421153938
0.998582613962028
0.999705478100863
0.999717613504661
0.999718883936182
0.999410316491469
0.999043821904889
0.999349472912347
0.999196120569928
0.999734274036663
0.999871978682759
0.997950048987218
0.998451744605053
0.999521215354537
0.998754272178021
0.999002271345523
0.998532914681224
0.997851990525280
0.999834378334159
0.999492504291115
0.999508997842397
0.999867984426604
0.999825156179761
0.999799607761027
0.999916028829138
0.999575198040285
0.999810715753618
0.999904738147627
0.999938643317696
0.999932050941924
0.999872124918338
0.999981992265497
0.999391124194589
0.999848328892721
0.999939112180083
0.999827350513889
0.999934498726957
0.999984081470893
0.999871106449578
0.999444547869734
0.999861616484948
0.999917764183780
0.999782143019878
0.999505204022201
0.999742522078040
0.999917897326472
0.998645911279662
0.994526715153837
0.994232811725082
0.997514337034147
0.999705164468511
0.998618881189906
0.998948851892396
0.999908151212282
0.999215801069496
0.999260351339855
0.999581843541194
0.999581038784188
0.999954357106579
0.999929195627123
0.999278569089311
0.999956289805294
0.999860029552310
0.999699984246855
0.999629215427253
0.999855204811701
0.999420905744747
0.999690213190150
0.999432188787346
0.999456648096035
0.999852893208852
0.999862320649145
0.999880656580372
0.999379726281150
0.999494894713915
0.998816469427034
0.997561822434212
0.996770728529819
0.999148883011223
0.999589445897752
0.999927264607170
0.999879238262327
0.999880653587299
0.999901918216965
0.999860715352083
0.999280134770074
0.998007478484311
0.998104789181599
0.999258033924750
0.999694741789194
0.999797550584208
0.999120402236528
0.998761867157041
0.999088894073847
0.999537571769080
0.999969496805305
0.999777980765594
0.999644937136947
0.999749676827505
0.999437708425515
0.998868383425737
0.999356378734821
0.999781134362478
0.999738241128843
0.999984773538665
0.999826024569879
0.999779166931308
0.999482231243834
0.999488272069781
0.999499363297872
0.999223046382791
0.999907064292467
0.999467745322437
0.999911678903221
0.999693197456045
0.999807026233435
0.999286450282100
0.998320047303447
0.998446506887867
0.999836629981131
0.997928855636959
0.997839890820700
0.998954928346906
0.998429680734111
0.998089342868086
0.999622716254621
0.999880900782937
0.999703009714273
0.999458211494069
0.999868750508927
0.999980599773012
0.999823008627012
0.999503257408121
0.999897412021639
0.999113729178809
0.999928666278886
0.999955252533379
0.999163886863914
0.998317921651007
0.998443388661492
0.999561166255483
0.999950480748795
0.998899678269853
0.999278095334648
0.999959641258894
0.999669170355288
0.999610705785311
0.999916173703763
0.999113662768081
0.999751458874323
0.999954228392702
0.999981566420375
0.999958201777041
0.999956844189887
0.999939389836754
0.999900688981591
0.999175622959927
0.999937983520092
0.999599736059058
0.998607185999848
0.998662548422925
0.998983455297961
0.998885325492161
0.999364222668960
0.999843514733203
0.999724452211120
0.999844742289166
0.999723823691464
0.999875812788871
0.999960504716598
0.999943741360232
0.999105434958948
0.996820808394245
0.997970086264339
0.999401011633865
0.999452776286102
0.998116337888737
0.999101864234793
0.999747767402910
0.999974511407259
0.999819760516697
0.999807308955490
0.999903671933579
0.999638184644940
0.999879999553246
0.999717994994374
0.999197110076651
0.999797990943434
0.999387091367337
0.999353629114172
0.999842886371088
0.999907279051926
0.999828005665734
0.999874042938489
0.999930146830747
0.999918619598200
0.998907522393331
0.997913217828682
0.999163941991192
0.999817717530787
0.999603454126235
0.999727839088330
0.999962854638248
0.999600062527976
0.998523601305898
0.995418357459679
0.997444022682459
0.999741517519020
0.996925646501695
0.996139815271676
0.999157415925346
0.999820125554570
0.999710696630149
0.999214973042462
0.998465490360653
0.999056726729521
0.999196453988811
0.999442369648936
0.999962554441531
0.999971092343914
0.999988470608022
0.999801039870786
0.999179653606438
0.997874953072131
0.997987954969573
0.999465657173431
0.999988333581582
0.999464963172425
0.999663371430761
0.999935053214794
0.999533183587530
0.999433506944010
0.999313319924385
0.999792681326624
0.999968868168525
0.999932829406996
0.999854746700912
0.999934763895941
0.999940261599197
0.999993902090284
0.999623879249820
0.995618959509082
0.994104050621717
0.992510227074732
0.996554227496402
0.998938077390195
0.999759570296785
0.999340189882836
0.999439088276588
0.999768865478681
0.999916058936123
0.999787058090841
0.999369391991343
0.999829010508833
0.999990583150277
0.999904987001042
0.999365832462800
0.998970424811295
0.999899762109774
0.999179925694575
0.998170942980304
0.998392114782761
0.998738012590312
0.999502624604099
0.999806682853568
0.999821755935716
0.999879166661076
0.999879394360952
0.999254017431350
0.998334981486904
0.998820804328785
0.999919287826359
0.999986693260594
0.999973874144730
0.999504890095878
0.998927182319593
0.999714760002281
0.999900378173137
0.999009784295429
0.999060343127390
0.999466834921346
0.999768970824634
0.999195457830048
0.999462773424385
0.999479341764143
0.999860923566032
0.999822193856139
0.999887693634333
0.999021038437188
0.999159527225133
0.999014740124648
0.999463417324306
0.999921606899709
0.999907268922509
0.999916647356161
0.999881498164100
0.999889221410093
0.999885626937920
0.999010581735125
0.997759480226060
0.999574175792767
0.999719006443385
0.999806295514883
0.998603949475785
0.999792901820631
0.999966573274907
0.999525900418767
0.999394621005122
0.999715814859372
0.999852764425017
0.999939410517433
0.999904545398598
0.999990258001916
0.999974596741058
0.999886883609076
0.999572314527441
0.998737536824518
0.999079484421528
0.999762490821902
0.998849510654672
0.999601845215042
0.999691469037399
0.998307396316829
0.997891832450596
0.997989445715866
0.998495716079157
0.999357665542855
0.999789775427768
0.999428053889929
0.999637948734885
0.999159323482229
0.999953181320516
0.999398666098015
0.999501126295367
0.997402558835872
0.998967300318680
0.999978966790572
0.999403365215294
0.999564754556146
0.999658259306972
0.998857720440268
0.998469412443338
0.999934490236631
0.999529306826382
0.998924311351081
0.999574830331913
0.999938259950203
0.999647041672090
0.999475986130318
0.999853868838746
0.999948112075416
0.998815967034381
0.999709266719494
0.999694758653981
0.999902574085777
0.999766830924877
0.999967560856812
0.999946688839038
0.999923096118005
0.999929302403157
0.999836299620021
0.997634827593692
0.999422852256170
0.999185798474370
0.999522678772390
0.999653856817569
0.999719014889361
0.999855858852574
0.999985632586506
0.999960473414642
0.998297928722244
0.999192046367491
0.999990840402232
0.999221570081610
0.999567047316594
0.999652104131997
0.999976305939931
0.999599121470237
0.999664204515521
0.999602503503828
0.999896133822691
0.999900775321521
0.999886671305490
0.999941236393998
0.999856017756471
0.999928632508209
0.999911716941464
0.999678416420687
0.999419867589973
0.999820233925674
0.999625064664992
0.998867125435462
0.999935787384777
0.999548968144561
0.999694398835727
0.999912966766088
0.999731487884062
0.999199607362272
0.999486106222523
0.999889669507456
0.999982898673372
0.999867209591500
0.999495938038646
0.999942820938278
0.999316162740881
0.999524054287736
0.999955034243107
0.999922768108488
0.999756474374709
0.999855457146106
0.999991950034529
0.999231685818890
0.999383233420251
0.998953363099018
0.995757936606172
0.995481848051301
0.989987389125402
0.995702490804827
0.999791515402916
0.998087283878666
0.998462232181005
0.999104784247502
0.999830447842968
0.999326152148620
0.999656942531043
0.999387112873337
0.999765769249490
0.999806052893271
0.999496902451582
0.999979428363144
0.999903361050733
0.999951922844904
0.999071207917072
0.999861760486320
0.999789071574742
0.999706875858350
0.999754189385361
0.999834448544877
0.999653839964401
0.999444140164552
0.999225563556177
0.999816607355848
0.999579509389330
0.999314308861380
0.999805182817160
0.999897243662732
0.999987731667764
0.999675140477067
0.999988149094564
0.999950722072314
0.999543954136670
0.999487246799364
0.999495603795825
0.999647818376111
0.999894134607690
0.999828638568932
0.999931443182725
0.999915441523075
0.999933066016671
0.999969526143476
0.999997632125143
0.999876291952350
0.999605540465480
0.999243999317980
0.999709367810313
0.999840876304896
0.999724478990141
0.999526860113738
0.999274017107459
0.999861628311652
0.999346571874431
0.999394071140976
0.999562403552520
0.999926922501581
0.999838313425875
0.999901076064068
0.999980217006686
0.999840236595973
0.999531885545325
0.999459830517831
0.999525860367505
0.999888511528909
0.999956488480888
0.999616864645559
0.999896854804135
0.999979182003230
0.999293405128202
0.999518841181769
0.999579554522688
0.999430916042703
0.998929301818995
0.999963418900411
0.998267362785056
0.999828818077114
0.999575882795260
0.999744355068996
0.999978966840062
0.999759426248769
0.999800324344720
0.999840483062176
0.999967840170141
0.999817340993150
0.999978022471071
0.999984507152904
0.999951186859030
0.999930673864119
0.999963679924133
0.999936257563519
0.999980702911103
0.999972173680036
0.999973534336521
0.999992543919041
0.999988685885584
0.999988539972808
0.999974940496277
0.999992857102040
0.999988289542980
0.999989643297941
0.999991882877105
0.999994027251129
0.999994066321367
0.999996303956142
0.999992981461936
0.999998895322987
0.999999117236155
0.999991575455527
0.999986814928109
0.999987637093583
0.999995703748521
0.999997527319985
0.999997864318072
0.999992726670909
0.999994059469716
0.999998522779399
0.999995480845270
0.999998844529088
0.999994643739287
0.999996039087286
0.999995105428088
0.999994615077056
0.999998667347140
0.999994049017696
0.999999452879118
0.999997011718430
0.999998288428654
0.999991512409066
0.999987742816642
0.999997480554352
0.999998337077209
0.999997281664552
0.999994173249359
0.999987220209839
0.999991376709829
0.999982970413815
0.999990212097139
0.999998298712144
0.999993831736653
0.999998036481881
0.999999698700356
0.999996973636425
0.999994170916327
0.999996220744288
0.999998834420940
0.999991901910898
0.999996992553523
0.999990755097851
0.999994795104181
0.999991546430477
0.999998947830103
0.999993752109196
0.999998038402426
0.999992359631662
0.999993545046003
0.999993275391824
0.999996650541402
0.999990741156172
0.999997906860701
0.999999404518230
0.999997059109128
0.999995417958652
0.999987645377315
0.999999812529660
0.999999816414473
0.999990278500341
0.999994702948733
0.999999386129963
0.999987966052829
0.999995610371996
0.999995345879734
0.999994879180153
0.999999045497045
0.999986200582250
0.999996372831290
0.999995399340018
0.999995423772747
0.999997519072834
0.999996139808504
0.999998289341732
0.999998631581913
0.999996008453592
0.999996893040988
0.999997359617882
0.999999853755285
0.999999667196114
0.999991303825503
0.999993005199658
0.999993849128407
0.999997214825882
0.999997425351699
0.999994672725381
0.999999029641883
0.999992817087630
0.999995180096664
0.999998594449417
0.999997668375160
0.999997382262017
0.999988406469957
0.999995071045078
0.999991941433997
0.998835477048959
0.983898173294437
0.950442563344836
0.920699576026823
0.883573618080631
0.845836756933644
0.826130481432391
0.832366549513613
0.849060393771336
0.865093458256190
0.881110843346967
0.892836035367639
0.904662926510624
0.917332522518926
0.917723753875043
0.910380526739096
0.912137027658222
0.913499103192665
0.897344462861139
0.901873117421908
0.915834921677994
0.922664185150546
0.919711878513873
0.912971440608347
0.921661912972656
0.929443418259665
0.926315819454359
0.920725363399535
0.912060184288180
0.899394304262975
0.903376188446157
0.906125359313303
0.904337693020789
0.898459001036233
0.900537039768278
0.905972356654360
0.916475200828254
0.919551725667378
0.918436205390898
0.917785115056343
0.912818497828474
0.913764586229565
0.918992278860221
0.921611961252568
0.923433123412344
0.914937745192114
0.898465941321940
0.879951050704654
0.863492232603350
0.867861353985535
0.879705976191979
0.893083831345181
0.903152851739014
0.909367951332878
0.908341440896812
0.908724296018022
0.909319737053913
0.915867786459794
0.927849225776499
0.933075201664834
0.921569852241799
0.898238686015387
0.879656442918468
0.890066477538286
0.894692718759238
0.897284901794128
0.893084744652605
0.889976225554471
0.891851730231892
0.892823903180798
0.883956981998897
0.879145712213028
0.882234871143384
0.892981710055082
0.908418770304312
0.922855481479039
0.937716148396433
0.937898737404461
0.914482426676355
0.906423392445831
0.912111167816521
0.914223208020889
0.913910861917930
0.911631905957771
0.898276759285079
0.885282812167857
0.870341352300292
0.874561125600019
0.877695984732071
0.874446250441488
0.877802006738119
0.887641376117774
0.903230114432376
0.916062876062367
0.918281695798984
0.914237038998853
0.913703535123228
0.915102337456526
0.905217609723980
0.898178521737829
0.897914196399326
0.896286487853918
0.897799306263608
0.898870062088630
0.903586042560872
0.910725624275613
0.920094378645429
0.930752092705613
0.933958121915754
0.918872701385978
0.908312453210196
0.907578402223943
0.900567337527354
0.901183730900410
0.911566068183279
0.919664073122448
0.928646253558653
0.921579943852753
0.903062065502607
0.898466133592871
0.903089122668261
0.909053678489223
0.910600688804965
0.906596673240311
0.913577416793956
0.919985411905788
0.926453688838733
0.925268144030944
0.902850590676759
0.901445492760157
0.907496369326534
0.912302669512506
0.916845700528227
0.920058021703148
0.918567140544307
0.920566643452714
0.922439920561211
0.913701473207404
0.894668207928073
0.891975893187544
0.905142913127956
0.918055765036448
0.920964175896919
0.924250845991436
0.923905951774138
0.915428984692502
0.908741544592648
0.910545694912688
0.909968398132089
0.901345192477823
0.884575023720653
0.880850287666636
0.882932086444879
0.883730824114519
0.881988745916437
0.890572681093026
0.912861832764967
0.930616892825248
0.931503956597264
0.930304427194267
0.928987938851426
0.933576954912836
0.936039690530804
0.929188993197815
0.917634991891737
0.915256269587533
0.907733058937562
0.901959966945189
0.904237416466258
0.908810546617711
0.912913275325821
0.911795703705797
0.913306550101904
0.907057525464807
0.899794656028793
0.895741892474404
0.903043425456894
0.913801715414700
0.917014547253290
0.916521587341332
0.908280913833408
0.902295835939628
0.899387684433840
0.896756847292494
0.899104331593927
0.907771972628375
0.910569242917175
0.910594302042473
0.909872704454008
0.911733357215066
0.915359032557462
0.923643949684648
0.924987540155847
0.907705994108357
0.907887637737261
0.911373955800489
0.921260475380402
0.931702406897441
0.921267514066776
0.915989063336008
0.914659065793354
0.908314708324999
0.910547712576889
0.918003171695384
0.920609619726705
0.914366069209851
0.913435219828776
0.920165502238367
0.914463837605378
0.905363306328880
0.900102612662475
0.894498357143039
0.894632279190915
0.901213987636244
0.907824497433926
0.917633794645023
0.917835495790811
0.917955119594969
0.924987762703822
0.921201417487569
0.896642612701016
0.910504114609694
0.921654415513553
0.927743226099252
0.920399377197456
0.906334211306742
0.894610678296348
0.896469062829811
0.877170276313124
0.866733898083625
0.855872035435563
0.864795405344140
0.886257708901803
0.900464670829487
0.901704932122234
0.909482462812383
0.919045908261742
0.920938567308613
0.920495208814896
0.923034845642768
0.925393918779443
0.927008421887319
0.923333571728203
0.922508201787537
0.920050425947826
0.923087120475202
0.929929198798170
0.922514801000902
0.911991975965537
0.919222544889811
0.920304813569991
0.912509871473358
0.910819245007108
0.920206558143493
0.928363286343545
0.926417725757249
0.910996740554065
0.908502974624609
0.916803157371590
0.919678969233156
0.917380197454834
0.915610193409597
0.914963454559358
0.917052390093278
0.919734601055456
0.925918528429875
0.919455292896214
0.911287037241989
0.915483881607984
0.922591135075871
0.923425058552951
0.922170935997284
0.923762605867463
0.922358419473696
0.905457166310755
0.891712990482469
0.885601477125054
0.890382838611195
0.896166459738977
0.896396026776438
0.898045867869114
0.898465714242037
0.895803432892572
0.901470237072777
0.907909555089737
0.913961081395052
0.912227979144578
0.902585467020851
0.895622140186072
0.903310491819656
0.915867169662498
0.909545907989836
0.912946867483851
0.915814151006459
0.922226288875539
0.927462955607296
0.928484927145436
0.926865392727897
0.929330812340536
0.929322787428007
0.927713331486475
0.923182279987107
0.914524789512415
0.912639758147061
0.922170041375869
0.929776587470225
0.923311414409169
0.914580569917319
0.915101436440216
0.908088753009885
0.904251442644791
0.911071293185607
0.917090067195749
0.912560962486471
0.907863956152199
0.908681779001646
0.907648678599107
0.904683148305941
0.901374139011642
0.924818993818496
0.988197894880971
0.995705838980326
0.992598733733316
0.996800260852373
0.999442033997320
0.999884138257112
0.999873976224613
0.999715632276745
0.999654448455977
0.999587611819800
0.999510673198154
0.999763880562131
0.999955508448883
0.999938354216989
0.999856821504113
0.999952737210753
0.999989373819958
0.999946489717986
0.999958412263343
0.999970403227568
0.999970182009827
0.999986990283726
0.999997058945201
0.999979472612829
0.999981949305207
0.999982993057612
0.999985263830569
0.999992856131360
0.999998050502664
0.999999805035242
0.999998923435423
0.999993081245856
0.999984691841300
0.999994297265647
0.999995732419223
0.999993068044909
0.999985575863549
0.999990225518538
0.999991385460379
0.999993377142382
0.999992816977413
0.999997218308174
0.999991056498339
0.999990423641800
0.999993145826840
0.999990421540724
0.999991606199538
0.999993184287078
0.999989917236326
0.999990040959646
0.999994692196430
0.999986976546065
0.999978529195377
0.999994162041062
0.999977756717711
0.999976088625478
0.999996570292871
0.999999015521577
0.999993633302206
0.999992888174488
0.999992265288320
0.999996843899648
0.999978826407388
0.999996934828289
0.999991720336560
0.999995239062758
0.999984118468347
0.999991883141207
0.999997156081535
0.999998710406011
0.999985817789037
0.999985178750195
0.999996772449392
0.999994698974479
0.999996493776972
0.999991889472685
0.999985502824569
0.999997229274744
0.999998728827097
0.999966684809405
0.999997592364859
0.999999080196127
0.999995622123194
0.999970605606938
0.999999029052848
0.999990245321127
0.999996476293537
0.999997480339666
0.999990344230426
0.999999449470297
0.999994262343035
0.999999894617367
0.999993117448477
0.999989622603012
0.999997521218954
0.999989291346424
0.999988830501043
0.999998503766185
0.999969853710928
0.999996694014513
0.999994388577851
0.999994238164110
0.999998271372338
0.999992456764104
0.999992251938812
0.999996155973811
0.999987911381697
0.999989268441445
0.999988949723093
0.999992922101479
0.999998722470544
0.999994406138368
0.999986883900900
0.999992223900234
0.999993727018400
0.999988925308412
0.999985423213260
0.999988699954737
0.999999539057077
0.999984905604537
0.999984144415588
0.999997794059759
0.999985122486409
0.999998801783657
0.999998938043012
0.999997497086397
0.999996856465727
0.999989687008454
0.999499510416884
0.995596945011342
0.990499360210398
0.992584208780692
0.994651104805459
0.996829534272408
0.999610704187140
0.999970033605669
0.999960658169696
0.997850104196119
0.997149679518776
0.998906645987549
0.997873951864955
0.998544869890817
0.999840729451503
0.999937974237155
0.999837628431373
0.999757609281404
0.999762768728145
0.998551749951934
0.998848226394926
0.999491448541353
0.999851837494832
0.999087293734719
0.999582932447476
0.998295299898545
0.997086818963787
0.999073016530198
0.999973554569803
0.999563890531665
0.998794168163621
0.998353898012373
0.999729260442773
0.999807603371986
0.999213852351312
0.999452682222895
0.999911191938536
0.999914811122041
0.999865088348204
0.999779750091968
0.999951063521535
0.999986989185441
0.999941818031240
0.999910298773220
0.999926665391656
0.999941187409856
0.999946110747986
0.999964486980791
0.999675409201359
0.999012723634723
0.999414055229349
0.999925973049177
0.999945011300054
0.999819259456929
0.999320034233251
0.999870618346076
0.999948904060624
0.999843503129429
0.999899514448044
0.999911069987728
0.999288535888420
0.998109836393021
0.999503021293753
0.999939626234895
0.999604989882960
0.999198748298998
0.999837555663243
0.999307954407970
0.997177539337955
0.997270613561426
0.999404407070928
0.999929841000329
0.999855268844487
0.999783134195027
0.999709406430110
0.999373795663458
0.999989812567788
0.999831855696221
0.999790102277388
0.999850298221855
0.999977598485026
0.999878179535246
0.999557826230274
0.998217239469009
0.996654080769745
0.995083334762958
0.996650178801092
0.999861586167264
0.999835048950635
0.999439872166469
0.999625726501595
0.998025426999600
0.996387682425486
0.997801992107305
0.999629389704010
0.999822555517083
0.999599266419237
0.999413220275465
0.999845046100926
0.999755568019737
0.999879432976182
0.999910081524756
0.999821699954247
0.999779997746658
0.999876167230800
0.999986061668162
0.999953113176033
0.999934887884703
0.999883259223344
0.999511410960462
0.999466987096514
0.999884821819917
0.999791262638378
0.999737178221341
0.999773585800569
0.999611013521835
0.999065900481670
0.999729834287879
0.999949968613329
0.999677299132786
0.999908503284613
0.999674093112323
0.998745364013464
0.998357414163255
0.999428609624675
0.999096383272970
0.999888337315548
0.999611066590655
0.998908752571966
0.999511830493386
0.999617531549688
0.999748310241630
0.999720335065510
0.999984051401559
0.999484169792384
0.999817216556958
0.999943497941359
0.999852099709945
0.999845289496371
0.999517736017196
0.999818076541798
0.999881854252791
0.999787578328974
0.998784561365112
0.997519706247207
0.994806040983181
0.997874015795444
0.999577907123278
0.999124904048159
0.998659457889526
0.999642947306876
0.999465451533721
0.999252575967494
0.999000240629090
0.998787064052745
0.999772637210554
0.999641819828189
0.999283467187614
0.998918770100001
0.999911301388395
0.999750240244978
0.999109741631746
0.998855457536844
0.999310373640814
0.999158287747002
0.999408433672134
0.999850966625827
0.999848815651089
0.998907695833516
0.999102297774563
0.999971733685010
0.999507938168005
0.999574228726258
0.999284594728815
0.999004267319820
0.999287646393244
0.999546595816175
0.999518193073003
0.999887748720772
0.999923335760262
0.999336507916888
0.999769011642289
0.999579375173048
0.999279002155086
0.999867050212476
0.999802210454546
0.999858117202030
0.999897723562002
0.999959651443012
0.999834313910021
0.999801413041872
0.999762666903921
0.999881372476677
0.999944622608105
0.999869884083938
0.999942898335122
0.999845398008427
0.999401255429281
0.999265080353893
0.999215761013610
0.998457117310907
0.998455727906141
0.998814266864123
0.999854699266121
0.997939258265565
0.998480630625102
0.999892192455010
0.999109685312599
0.997744901839236
0.998069329077573
0.998690204993967
0.999658066226959
0.999764199986733
0.999923243116654
0.999925188392167
0.999859325758508
0.999718960132027
0.999941769985261
0.999501589866399
0.998430525993359
0.999036800276970
0.999983727122820
0.999936738166395
0.999847674685290
0.999972149184618
0.999843172869558
0.999288145040822
0.998916667283492
0.999487832631303
0.999927589573422
0.999500546631353
0.999177957654787
0.999838312997909
0.999915605136297
0.999204835763112
0.998300960533335
0.998389490942125
0.999643521949676
0.999973705528806
0.999967979357789
0.999997081594439
0.999940658215145
0.999955592658718
0.999537837060881
0.998974078364225
0.998673065692091
0.999420306301996
0.999946263964821
0.999952987325119
0.999930695021333
0.999886702745389
0.999890409919833
0.999675687200744
0.998990353253256
0.998704566805049
0.999363858163922
0.999773181140164
0.999586104564322
0.999303989002785
0.999653972972397
0.999964723481307
0.999614521290060
0.998986109713397
0.999394815277566
0.999300849251300
0.999917406839453
0.999844473024736
0.999701534679478
0.999112077099569
0.999239816987665
0.999750986882032
0.998978390293578
0.999208129298348
0.999475178469539
0.999846556622140
0.999751816368163
0.999628190571199
0.998050798972790
0.999716408320383
0.999683151432519
0.999875476969483
0.999816209446641
0.999911635288195
0.999316238515076
0.999717130454151
0.999667632313516
0.999331794107230
0.999360370160308
0.998820205225411
0.999719791101378
0.999072246337429
0.999987391279784
0.999941235791149
0.999471922257864
0.999673381106051
0.999409104143679
0.999802922011303
0.999211355460344
0.999302169133549
0.998944704648095
0.999893170187168
0.999654639688034
0.999577912918640
0.999645528990674
0.999855377998214
0.999392941606774
0.998438290469426
0.999792946374902
0.999884421629034
0.999792626640155
0.999953903622531
0.999483515701132
0.999143871719400
0.999361691775488
0.999692001958293
0.999812563934465
0.999808328741766
0.999817044971272
0.999981286348758
0.999763078468157
0.999975939146072
0.999941933649019
0.999797486504654
0.999766122645680
0.999290529487975
0.999305039679545
0.999844232449059
0.999988733674122
0.999709964538541
0.999871412959254
0.999587325358936
0.999347844838996
0.999668826544388
0.999551681032721
0.999045255867670
0.999164918499650
0.999979135664739
0.999491404715398
0.999223675787815
0.999837662915180
0.999901508179289
0.998638510816677
0.998120468563771
0.999291845437177
0.999886896420444
0.999375560865975
0.999429949789863
0.999868393079428
0.999706480445707
0.999247037454604
0.998221971775418
0.998660346465448
0.999633002058645
0.999989335128567
0.999759243096288
0.999542219656741
0.999739009610676
0.999271238143766
0.999773393222792
0.999926825616092
0.999825570002788
0.999912374333354
0.999856135792152
0.999898188290157
0.999774895796507
0.999808612483845
0.999823271103952
0.999478901051529
0.998745272240384
0.999678023850834
0.999303892523147
0.999487696889597
0.999766035500109
0.999855139626162
0.999499707612075
0.999487125584028
0.999818057412655
0.999889360732584
0.999364741558883
0.999283658780331
0.999472995165719
0.999962835765965
0.999607378111031
0.999922345215454
0.999694969692661
0.999253189727475
0.998594706248153
0.999283741056546
0.999671367233533
0.999905250277688
0.999918699928960
0.999840110681762
0.999723374692866
0.999585701727920
0.999111258531609
0.998302233701732
0.999920883015041
0.999082885313018
0.999457579516930
0.998836609123954
0.999085091658560
0.999609434350298
0.999803745823387
0.999867489350493
0.999465012354250
0.999861440094410
0.998778192988197
0.996964650539561
0.997349290811166
0.998883796504765
0.999507145140081
0.999984454613618
0.999905009403467
0.999407876888024
0.999004583128052
0.998138989429193
0.998639306034988
0.998648433084110
0.998939170304327
0.998878550614876
0.999005976966967
0.999613552919119
0.998962708836068
0.999466311030100
0.999934744262675
0.999229240199443
0.997575565349265
0.998709463868039
0.999760496039789
0.999959928814954
0.999178109756967
0.998366813662975
0.999617385126856
0.999173583283287
0.999439714892986
0.999424139289434
0.999078297663256
0.998986241885686
0.999519603303775
0.999835060522488
0.999832181137280
0.999960638493518
0.999706619515029
0.999688564865247
0.998868693254140
0.998374681494946
0.999325278849125
0.998714600784435
0.999518416614224
0.999046736152482
0.999564035469657
0.999628234354767
0.998311173859157
0.998285436613413
0.999829222342373
0.999466748601505
0.999821306133912
0.999830536490641
0.999905298727775
0.999665782862079
0.999616946734241
0.999193224087460
0.999560000798379
0.998907074086831
0.999137284176097
0.999551729178308
0.999699278542069
0.999932094288646
0.998332396049689
0.999546431640641
0.999944893727817
0.999993067481640
0.999625587509280
0.999187669308776
0.999325058891379
0.999185948688167
0.999285438661448
0.999324527115035
0.999627226299942
0.999890222061360
0.999577693348378
0.999532419444084
0.999872549328532
0.999627031442688
0.996932505278578
0.995558512910159
0.995485309829650
0.995370106987998
0.997473239732614
0.999455522539220
0.999974151594644
0.999584670682519
0.999614572331299
0.999967841859790
0.999772847480166
0.999171358737473
0.999521888800382
0.999906784393452
0.999876037931924
0.999874516402370
0.999781478296924
0.999662756963823
0.998114338343407
0.997232380739499
0.999324009602478
0.999969154397192
0.999155446595860
0.995954451890954
0.995171484529250
0.997940873665519
0.999443402813438
0.999970995119011
0.999830777895560
0.999781811256865
0.999540450014928
0.998682239983557
0.998833528063008
0.999738934478853
0.999827929075641
0.999562726383713
0.999083018910695
0.999729609289402
0.999416122548472
0.997879822039731
0.997935412653816
0.998654726029365
0.999687751055979
0.999086800085556
0.999175643789267
0.999443267435907
0.999830753988591
0.999789398719434
0.999118913577568
0.999781017254298
0.999649297735910
0.999708445705820
0.998552598767280
0.999023870872204
0.999504799724464
0.999898822893995
0.999792382868365
0.999557414249707
0.999707032221921
0.999765931417773
0.999863695513630
0.999921482878690
0.999983981192876
0.999963531936673
0.999317753534148
0.999843509193701
0.999473064018755
0.999500437521696
0.999793338642240
0.999906429505774
0.999029463698281
0.999762840044971
0.999532670219871
0.997791062035550
0.999098714950740
0.999862756207046
0.996450292377015
0.998660717963166
0.999898602186910
0.999788905367137
0.999685789780328
0.999414271029805
0.999961767702289
0.999642166130082
0.999330531003421
0.999211075137159
0.999545858599481
0.999842754499526
0.999889501709311
0.999804946981285
0.999931618532408
0.999977380491157
0.999673875820723
0.999865101943887
0.999930831632471
0.999721078051014
0.999946275546440
0.999985632099943
0.999899980567365
0.999924825488715
0.999485879787846
0.999703239813221
0.999869767996904
0.999156279118385
0.999656867731517
0.999741362702769
0.999165182105610
0.999837519611702
0.999893571943627
0.998850991221916
0.999557151421741
0.998959676019899
0.999609452463082
0.999884872274927
0.999981587453749
0.999407451922330
0.999884269851002
0.999867089591562
0.998102974671336
0.997869673881686
0.999640521096102
0.999657085402305
0.999430750110010
0.999044426406451
0.999405240773570
0.999692281677100
0.999438951567795
0.999760968651497
0.999405253175636
0.999016128044635
0.999431797186294
0.999846293164617
0.999985276761134
0.999882025233061
0.999869140769449
0.999667365243937
0.999960185221320
0.998908184229303
0.999410786166498
0.998911181800428
0.999287786585758
0.999650505051952
0.999694628596440
0.999800031287672
0.999793031392704
0.999899638833638
0.999768214309535
0.999931123752744
0.999858338072082
0.999861329630617
0.999692276443259
0.999751576659590
0.999742810974530
0.999947694981437
0.999889503435729
0.998866542533338
0.997453795597714
0.999829769431715
0.997558359234652
0.998546966924278
0.999402480713025
0.999680417657677
0.998780156771649
0.999655828329954
0.999946444951274
0.999960762632446
0.999625726977837
0.999885572366137
0.999853698752799
0.999822452816214
0.999926792961236
0.999954905702177
0.999980066348639
0.999882900269438
0.999953099699486
0.999982900971757
0.999969269081870
0.999976075990713
0.999976589281851
0.999996306900140
0.999979090822410
0.999978529340273
0.999995173086965
0.999991104874019
0.999984315635707
0.999996449288161
0.999995368590712
0.999991536430964
0.999997503630160
0.999999451718059
0.999999158012984
0.999997768426253
0.999994884051202
0.999996533335308
0.999993127960453
0.999992851530691
0.999999277683928
0.999998115831882
0.999997722941137
0.999995905043594
0.999997062468477
0.999998940154964
0.999999299441866
0.999998254529203
0.999998847026132
0.999995795551048
0.999987328465852
0.999998815619075
0.999999445203321
0.999998192596473
0.999999641738105
0.999999647076975
0.999997308528442
0.999999390934638
0.999996282878779
0.999997577015953
0.999996960505685
0.999993554384968
0.999992056101317
0.999995912250899
0.999996031549315
0.999999497277599
0.999995673377534
0.999997946477282
0.999997984500345
0.999996399038530
0.999998663486793
0.999997440872221
0.999999837837910
0.999997258618927
0.999996916986467
0.999994043076462
0.999998970579535
0.999991871562952
0.999999382293456
0.999998057745874
0.999998065196751
0.999998304237297
0.999999682677547
0.999994879637094
0.999996115737020
0.999999269528202
0.999997444780908
0.999998284755709
0.999999088524456
0.999996359572106
0.999999745736471
0.999997652359518
0.999998905066940
0.999999121702640
0.999998949697365
0.999998348063115
0.999999396481860
0.999999168848872
0.999999863125542
0.999995947565650
0.999999331017000
0.999993693463915
0.999996031983703
0.999999051219091
0.999998471249539
0.999997758903421
0.999998204536220
0.999989158407793
0.999994159849357
0.999998591835599
0.999996001504597
0.999997894537031
0.999993315294726
0.999993958888105
0.999998280155924
0.999999614141431
0.999998094905166
0.999999210333038
0.999998052509562
0.999999759784680
0.999999641754913
0.999998905916872
0.999999218932659
0.999997896398761
0.999995323868305
1