Data Counter, Data Time, Angle, Counter, Left Encoder Counts, Right Encoder Counts;
0, 0.041023, 0.000, 3.604, 11950, -12312, 00000000, 0.0;
1, 0.087920, 0.000, 7.201, 11950, -12312, 00000000, 0.0;
2, 0.134751, 0.000, 10.800, 11950, -12312, 00000000, 0.0;
3, 0.197250, 0.000, 14.398, 11950, -12312, 00000000, 0.0;
4, 0.244011, 0.000, 18.004, 11950, -12312, 00000000, 0.0;
5, 0.290904, 0.000, 21.597, 11950, -12312, 00000000, 0.0;
6, 0.337764, 0.000, 25.198, 11950, -12312, 00000000, 0.0;
7, 0.384780, 0.000, 28.797, 11950, -12312, 00000000, 0.0;
8, 0.447339, 0.000, 32.404, 11950, -12312, 00000000, 0.0;
9, 0.494306, 0.000, 36.001, 11950, -12312, 00000000, 0.0;
10, 0.540917, 0.000, 39.598, 11950, -12312, 00000000, 0.0;
11, 0.588093, 0.000, 43.201, 11950, -12312, 00000000, 0.0;
12, 0.634634, 0.000, 46.802, 11950, -12312, 00000000, 0.0;
13, 0.697166, 0.000, 50.401, 11950, -12312, 00000000, 0.0;
14, 0.744225, 0.000, 54.004, 11950, -12312, 00000000, 0.0;
15, 0.790837, 0.000, 57.598, 11950, -12312, 00000000, 0.0;
16, 0.837958, 0.000, 61.197, 11950, -12312, 00000000, 0.0;
17, 0.884743, 0.000, 64.799, 11950, -12312, 00000000, 0.0;
18, 0.947334, 0.000, 68.401, 11950, -12312, 00000000, 0.0;
19, 0.994067, 0.000, 72.002, 11950, -12312, 00000000, 0.0;
20, 1.041044, 0.000, 75.599, 11950, -12312, 00000000, 0.0;
21, 1.087756, 0.000, 79.200, 11950, -12312, 00000000, 0.0;
22, 1.134622, 0.000, 82.799, 11950, -12312, 00000000, 0.0;
23, 1.197221, 0.000, 86.400, 11950, -12312, 00000000, 0.0;
24, 1.244100, 0.000, 89.999, 11950, -12312, 00000000, 0.0;
25, 1.290952, 0.000, 93.600, 11950, -12312, 00000000, 0.0;
26, 1.337881, 0.000, 97.201, 11950, -12312, 00000000, 0.0;
27, 1.384835, 0.000, 100.799, 11950, -12312, 00000000, 0.0;
28, 1.447318, 0.000, 104.399, 11950, -12312, 00000000, 0.0;
29, 1.493998, 0.000, 108.002, 11950, -12312, 00000000, 0.0;
30, 1.540974, 0.000, 111.602, 11950, -12312, 00000000, 0.0;
31, 1.587849, 0.000, 115.201, 11950, -12312, 00000000, 0.0;
32, 1.634703, 0.000, 118.799, 11950, -12312, 00000000, 0.0;
33, 1.697238, 0.000, 122.399, 11950, -12312, 00000000, 0.0;
34, 1.744071, 0.000, 126.000, 11950, -12312, 00000000, 0.0;
35, 1.791086, 0.000, 129.601, 11950, -12312, 00000000, 0.0;
36, 1.837799, 0.000, 133.201, 11950, -12312, 00000000, 0.0;
37, 1.884656, 0.000, 136.801, 11950, -12312, 00000000, 0.0;
38, 1.947101, 0.000, 140.400, 11950, -12312, 00000000, 0.0;
39, 1.993990, 0.000, 144.001, 11950, -12312, 00000000, 0.0;
40, 2.040952, 0.000, 147.600, 11950, -12312, 00000000, 0.0;
41, 2.087846, 0.000, 151.198, 11950, -12312, 00000000, 0.0;
42, 2.134670, 0.000, 154.802, 11950, -12312, 00000000, 0.0;
43, 2.197225, 0.000, 158.399, 11950, -12312, 00000000, 0.0;
44, 2.244012, 0.000, 162.000, 11950, -12312, 00000000, 0.0;
45, 2.290900, 0.000, 165.601, 11950, -12312, 00000000, 0.0;
46, 2.337710, 0.000, 169.201, 11950, -12312, 00000000, 0.0;
47, 2.384568, 0.000, 172.802, 11950, -12312, 00000000, 0.0;
48, 2.447043, 0.000, 176.399, 11950, -12312, 00000000, 0.0;
49, 2.494098, 0.000, 180.002, 11950, -12312, 00000000, 0.0;
50, 2.540926, 0.000, 183.602, 11950, -12312, 00000000, 0.0;
51, 2.587795, 0.000, 187.200, 11950, -12312, 00000000, 0.0;
52, 2.634656, 0.000, 190.800, 11950, -12312, 00000000, 0.0;
53, 2.697113, 0.000, 194.402, 11950, -12312, 00000000, 0.0;
54, 2.743965, 0.000, 198.000, 11950, -12312, 00000000, 0.0;
55, 2.790815, 0.000, 201.599, 11950, -12312, 00000000, 0.0;
56, 2.837712, 0.000, 205.199, 11950, -12312, 00000000, 0.0;
57, 2.884564, 0.000, 208.802, 11950, -12312, 00000000, 0.0;
58, 2.947023, 0.000, 212.402, 11950, -12312, 00000000, 0.0;
59, 2.994115, 0.000, 215.997, 11950, -12312, 00000000, 0.0;
60, 3.040880, 0.000, 219.603, 11950, -12312, 00000000, 0.0;
61, 3.087816, 0.000, 223.200, 11950, -12312, 00000000, 0.0;
62, 3.134631, 0.000, 226.799, 11950, -12312, 00000000, 0.0;
63, 3.197210, 0.000, 230.402, 11950, -12312, 00000000, 0.0;
64, 3.243919, 0.000, 233.998, 11950, -12312, 00000000, 0.0;
65, 3.290995, 0.000, 237.601, 11950, -12312, 00000000, 0.0;
66, 3.337675, 0.000, 241.201, 11950, -12312, 00000000, 0.0;
67, 3.384762, 0.000, 244.798, 11950, -12312, 00000000, 0.0;
68, 3.447210, 0.000, 248.403, 11950, -12312, 00000000, 0.0;
69, 3.494038, 0.000, 252.000, 11950, -12312, 00000000, 0.0;
70, 3.540905, 0.000, 255.598, 11950, -12312, 00000000, 0.0;
71, 3.587755, 0.000, 259.202, 11950, -12312, 00000000, 0.0;
72, 3.634613, 0.000, 262.799, 11950, -12312, 00000000, 0.0;
73, 3.697018, 0.000, 266.396, 11950, -12312, 00000000, 0.0;
74, 3.743905, 0.000, 269.997, 11950, -12312, 00000000, 0.0;
75, 3.790904, 0.000, 273.597, 11950, -12312, 00000000, 0.0;
76, 3.837814, 0.000, 277.204, 11950, -12312, 00000000, 0.0;
77, 3.884871, 0.000, 280.802, 11950, -12312, 00000000, 0.0;
78, 3.947091, 0.000, 284.399, 11950, -12312, 00000000, 0.0;
79, 3.994016, 0.000, 288.003, 11950, -12312, 00000000, 0.0;
80, 4.040886, 0.000, 291.601, 11950, -12312, 00000000, 0.0;
81, 4.087608, 0.000, 295.200, 11950, -12312, 00000000, 0.0;
82, 4.134731, 0.000, 298.801, 11950, -12312, 00000000, 0.0;
83, 4.197299, 0.000, 302.404, 11950, -12312, 00000000, 0.0;
84, 4.244088, 0.000, 306.001, 11950, -12312, 00000000, 0.0;
85, 4.290909, 0.000, 309.600, 11950, -12312, 00000000, 0.0;
86, 4.337856, 0.000, 313.201, 11950, -12312, 00000000, 0.0;
87, 4.384608, 0.000, 316.800, 11950, -12312, 00000000, 0.0;
88, 4.447087, 0.000, 320.403, 11950, -12312, 00000000, 0.0;
89, 4.494009, 0.000, 324.003, 11950, -12312, 00000000, 0.0;
90, 4.540878, 0.000, 327.600, 11950, -12312, 00000000, 0.0;
91, 4.587834, 0.000, 331.203, 11950, -12312, 00000000, 0.0;
92, 4.634697, 0.000, 334.804, 11950, -12312, 00000000, 0.0;
93, 4.697141, 0.000, 338.401, 11950, -12312, 00000000, 0.0;
94, 4.744090, 0.000, 342.002, 11950, -12312, 00000000, 0.0;
95, 4.790889, 0.000, 345.603, 11950, -12312, 00000000, 0.0;
96, 4.837745, 0.000, 349.200, 11950, -12312, 00000000, 0.0;
97, 4.884601, 0.000, 352.800, 11950, -12312, 00000000, 0.0;
98, 4.947060, 0.000, 356.397, 11950, -12312, 00000000, 0.0;
99, 4.994094, 0.000, 360.000, 11950, -12312, 00000000, 0.0;
100, 5.041016, 0.000, 3.597, 11950, -12312, 00000000, 359.6946487426758;
101, 5.087778, 0.000, 7.204, 11950, -12312, 00000000, 359.6946487426758;
102, 5.134733, 0.000, 10.797, 11950, -12312, 00000000, 359.6946487426758;
103, 5.197158, 0.000, 14.401, 11950, -12312, 00000000, 359.6946487426758;
104, 5.243999, 0.000, 18.002, 11950, -12312, 00000000, 359.6946487426758;
105, 5.290920, 0.000, 21.597, 11950, -12312, 00000000, 359.6946487426758;
106, 5.337666, 0.000, 25.204, 11950, -12312, 00000000, 359.6946487426758;
107, 5.384659, 0.000, 28.803, 11950, -12312, 00000000, 359.6946487426758;
108, 5.447224, 0.000, 32.402, 11950, -12312, 00000000, 359.6946487426758;
109, 5.494172, 0.000, 35.997, 11950, -12312, 00000000, 359.6946487426758;
110, 5.540895, 0.000, 39.600, 11950, -12312, 00000000, 359.6946487426758;
111, 5.587766, 0.000, 43.199, 11950, -12312, 00000000, 359.6946487426758;
112, 5.634784, 0.000, 46.804, 11950, -12312, 00000000, 359.6946487426758;
113, 5.697161, 0.000, 50.400, 11950, -12312, 00000000, 359.6946487426758;
114, 5.743967, 0.000, 53.997, 11950, -12312, 00000000, 359.6946487426758;
115, 5.790879, 0.000, 57.601, 11950, -12312, 00000000, 359.6946487426758;
116, 5.837736, 0.000, 61.202, 11950, -12312, 00000000, 359.6946487426758;
117, 5.884627, 0.000, 64.798, 11950, -12312, 00000000, 359.6946487426758;
118, 5.947189, 0.000, 68.399, 11950, -12312, 00000000, 359.6946487426758;
119, 5.994051, 0.000, 72.003, 11950, -12312, 00000000, 359.6946487426758;
120, 6.040879, 0.000, 75.598, 11950, -12312, 00000000, 359.6946487426758;
121, 6.087772, 0.000, 79.196, 11950, -12312, 00000000, 359.6946487426758;
122, 6.134590, 0.000, 82.796, 11950, -12312, 00000000, 359.6946487426758;
123, 6.197058, 0.000, 86.397, 11950, -12312, 00000000, 359.6946487426758;
124, 6.243902, 0.000, 90.003, 11950, -12312, 00000000, 359.6946487426758;
125, 6.290723, 0.000, 93.599, 11950, -12312, 00000000, 359.6946487426758;
126, 6.337701, 0.000, 97.200, 11950, -12312, 00000000, 359.6946487426758;
127, 6.384691, 0.000, 100.801, 11950, -12312, 00000000, 359.6946487426758;
128, 6.447191, 0.000, 104.399, 11950, -12312, 00000000, 359.6946487426758;
129, 6.494060, 0.000, 107.997, 11950, -12312, 00000000, 359.6946487426758;
130, 6.540781, 0.000, 111.597, 11950, -12312, 00000000, 359.6946487426758;
131, 6.587673, 0.000, 115.197, 11950, -12312, 00000000, 359.6946487426758;
132, 6.634629, 0.000, 118.797, 11950, -12312, 00000000, 359.6946487426758;
133, 6.697140, 0.000, 122.399, 11950, -12312, 00000000, 359.6946487426758;
134, 6.743973, 0.000, 126.001, 11950, -12312, 00000000, 359.6946487426758;
135, 6.790935, 0.000, 129.597, 11950, -12312, 00000000, 359.6946487426758;
136, 6.837769, 0.000, 133.197, 11950, -12312, 00000000, 359.6946487426758;
137, 6.884696, 0.000, 136.797, 11950, -12312, 00000000, 359.6946487426758;
138, 6.947064, 0.000, 140.401, 11950, -12312, 00000000, 359.6946487426758;
139, 6.994015, 0.000, 143.998, 11950, -12312, 00000000, 359.6946487426758;
140, 7.040783, 0.000, 147.602, 11950, -12312, 00000000, 359.6946487426758;
141, 7.087621, 0.000, 151.197, 11950, -12312, 00000000, 359.6946487426758;
142, 7.134639, 0.000, 154.798, 11950, -12312, 00000000, 359.6946487426758;
143, 7.197157, 0.000, 158.397, 11950, -12312, 00000000, 359.6946487426758;
144, 7.244056, 0.000, 161.997, 11950, -12312, 00000000, 359.6946487426758;
145, 7.290846, 0.000, 165.598, 11950, -12312, 00000000, 359.6946487426758;
146, 7.337713, 0.000, 169.203, 11950, -12312, 00000000, 359.6946487426758;
147, 7.384765, 0.000, 172.803, 11950, -12312, 00000000, 359.6946487426758;
148, 7.447317, 0.000, 176.405, 11950, -12312, 00000000, 359.6946487426758;
149, 7.493797, 0.000, 180.000, 11950, -12312, 00000000, 359.6946487426758;
150, 7.540927, 0.000, 183.599, 11950, -12312, 00000000, 359.6946487426758;
151, 7.587618, 0.000, 187.200, 11950, -12312, 00000000, 359.6946487426758;
152, 7.634652, 0.000, 190.802, 11950, -12312, 00000000, 359.6946487426758;
153, 7.697212, 0.000, 194.404, 11950, -12312, 00000000, 359.6946487426758;
154, 7.744025, 0.000, 198.003, 11950, -12312, 00000000, 359.6946487426758;
155, 7.790850, 0.000, 201.596, 11950, -12312, 00000000, 359.6946487426758;
156, 7.837662, 0.000, 205.204, 11950, -12312, 00000000, 359.6946487426758;
157, 7.884566, 0.000, 208.802, 11950, -12312, 00000000, 359.6946487426758;
158, 7.947289, 0.000, 212.399, 11950, -12312, 00000000, 359.6946487426758;
159, 7.994002, 0.000, 216.001, 11950, -12312, 00000000, 359.6946487426758;
160, 8.040897, 0.000, 219.594, 11950, -12312, 00000000, 359.6946487426758;
161, 8.087815, 0.000, 223.204, 11950, -12312, 00000000, 359.6946487426758;
162, 8.134734, 0.000, 226.797, 11950, -12312, 00000000, 359.6946487426758;
163, 8.197103, 0.000, 230.402, 11950, -12312, 00000000, 359.6946487426758;
164, 8.243932, 0.000, 234.003, 11950, -12312, 00000000, 359.6946487426758;
165, 8.290970, 0.000, 237.600, 11950, -12312, 00000000, 359.6946487426758;
166, 8.337777, 0.000, 241.199, 11950, -12312, 00000000, 359.6946487426758;
167, 8.384640, 0.000, 244.799, 11950, -12312, 00000000, 359.6946487426758;
168, 8.447197, 0.000, 248.404, 11950, -12312, 00000000, 359.6946487426758;
169, 8.494063, 0.000, 251.997, 11950, -12312, 00000000, 359.6946487426758;
170, 8.540901, 0.000, 255.600, 11950, -12312, 00000000, 359.6946487426758;
171, 8.587735, 0.000, 259.199, 11950, -12312, 00000000, 359.6946487426758;
172, 8.634684, 0.000, 262.799, 11950, -12312, 00000000, 359.6946487426758;
173, 8.697004, 0.000, 266.397, 11950, -12312, 00000000, 359.6946487426758;
174, 8.743963, 0.000, 269.996, 11950, -12312, 00000000, 359.6946487426758;
175, 8.790910, 0.000, 273.602, 11950, -12312, 00000000, 359.6946487426758;
176, 8.837838, 0.000, 277.202, 11950, -12312, 00000000, 359.6946487426758;
177, 8.884663, 0.000, 280.797, 11950, -12312, 00000000, 359.6946487426758;
178, 8.947272, 0.000, 284.397, 11950, -12312, 00000000, 359.6946487426758;
179, 8.994032, 0.000, 287.998, 11950, -12312, 00000000, 359.6946487426758;
180, 9.040867, 0.000, 291.601, 11950, -12312, 00000000, 359.6946487426758;
181, 9.087720, 0.000, 295.202, 11950, -12312, 00000000, 359.6946487426758;
182, 9.134572, 0.000, 298.800, 11950, -12312, 00000000, 359.6946487426758;
183, 9.196980, 0.000, 302.397, 11950, -12312, 00000000, 359.6946487426758;
184, 9.244003, 0.000, 305.997, 11950, -12312, 00000000, 359.6946487426758;
185, 9.290804, 0.000, 309.601, 11950, -12312, 00000000, 359.6946487426758;
186, 9.337769, 0.000, 313.203, 11950, -12312, 00000000, 359.6946487426758;
187, 9.384570, 0.000, 316.796, 11950, -12312, 00000000, 359.6946487426758;
188, 9.447015, 0.000, 320.398, 11950, -12312, 00000000, 359.6946487426758;
189, 9.493867, 0.000, 324.002, 11950, -12312, 00000000, 359.6946487426758;
190, 9.540695, 0.000, 327.597, 11950, -12312, 00000000, 359.6946487426758;
191, 9.587536, 0.000, 331.197, 11950, -12312, 00000000, 359.6946487426758;
192, 9.634522, 0.000, 334.799, 11950, -12312, 00000000, 359.6946487426758;
193, 9.696916, 0.000, 338.404, 11950, -12312, 00000000, 359.6946487426758;
194, 9.743896, 0.000, 342.001, 11950, -12312, 00000000, 359.6946487426758;
195, 9.790833, 0.000, 345.601, 11950, -12312, 00000000, 359.6946487426758;
196, 9.837625, 0.000, 349.202, 11950, -12312, 00000000, 359.6946487426758;
197, 9.884677, 0.000, 352.800, 11950, -12312, 00000000, 359.6946487426758;
198, 9.947201, 0.000, 356.400, 11950, -12312, 00000000, 359.6946487426758;
199, 9.993832, 0.000, 359.999, 11950, -12312, 00000000, 359.6946487426758;
200, 10.040816, 0.000, 3.598, 11950, -12312, 00000000, 359.36721324920654;
201, 10.087701, 0.000, 7.200, 11950, -12312, 00000000, 359.36721324920654;
202, 10.134569, 359.892, -349.199, 11950, -12311, 00000000, 359.36721324920654;
203, 10.197071, 359.458, -345.602, 11948, -12309, 00000000, 359.36721324920654;
204, 10.243940, 359.350, -341.999, 11947, -12309, 00000000, 359.36721324920654;
205, 10.290802, 359.350, -338.402, 11947, -12309, 00000000, 359.36721324920654;
206, 10.337684, 359.350, -334.798, 11947, -12309, 00000000, 359.36721324920654;
207, 10.384477, 359.350, -331.200, 11947, -12309, 00000000, 359.36721324920654;
208, 10.446920, 359.350, -327.600, 11947, -12309, 00000000, 359.36721324920654;
209, 10.493816, 359.350, -323.999, 11947, -12309, 00000000, 359.36721324920654;
210, 10.540819, 359.350, -320.398, 11947, -12309, 00000000, 359.36721324920654;
211, 10.587642, 359.350, -316.799, 11947, -12309, 00000000, 359.36721324920654;
212, 10.634516, 359.350, -313.199, 11947, -12309, 00000000, 359.36721324920654;
213, 10.696793, 359.350, -309.599, 11947, -12309, 00000000, 359.36721324920654;
214, 10.744081, 359.350, -306.000, 11947, -12309, 00000000, 359.36721324920654;
215, 10.790950, 359.350, -302.399, 11947, -12309, 00000000, 359.36721324920654;
216, 10.837503, 359.350, -298.800, 11947, -12309, 00000000, 359.36721324920654;
217, 10.900014, 359.350, -295.074, 11947, -12309, 00000000, 359.36721324920654;
218, 10.947150, 359.350, -291.601, 11947, -12309, 00000000, 359.36721324920654;
219, 10.993984, 359.350, -287.998, 11947, -12309, 00000000, 359.36721324920654;
220, 11.040791, 359.350, -284.399, 11947, -12309, 00000000, 359.36721324920654;
221, 11.087657, 359.350, -280.799, 11947, -12309, 00000000, 359.36721324920654;
222, 11.134659, 359.350, -277.202, 11947, -12309, 00000000, 359.36721324920654;
223, 11.197018, 359.350, -273.599, 11947, -12309, 00000000, 359.36721324920654;
224, 11.243976, 359.350, -269.999, 11947, -12309, 00000000, 359.36721324920654;
225, 11.290675, 359.350, -266.399, 11947, -12309, 00000000, 359.36721324920654;
226, 11.337690, 359.350, -262.799, 11947, -12309, 00000000, 359.36721324920654;
227, 11.384588, 359.350, -259.200, 11947, -12309, 00000000, 359.36721324920654;
228, 11.447074, 359.350, -255.600, 11947, -12309, 00000000, 359.36721324920654;
229, 11.493933, 359.350, -252.002, 11947, -12309, 00000000, 359.36721324920654;
230, 11.540801, 359.350, -248.401, 11947, -12309, 00000000, 359.36721324920654;
231, 11.587603, 359.350, -244.801, 11947, -12309, 00000000, 359.36721324920654;
232, 11.634500, 359.350, -241.201, 11947, -12309, 00000000, 359.36721324920654;
233, 11.696913, 359.350, -237.599, 11947, -12309, 00000000, 359.36721324920654;
234, 11.743775, 359.350, -234.001, 11947, -12309, 00000000, 359.36721324920654;
235, 11.790759, 359.350, -230.401, 11947, -12309, 00000000, 359.36721324920654;
236, 11.837754, 359.350, -226.804, 11947, -12309, 00000000, 359.36721324920654;
237, 11.884634, 359.350, -223.201, 11947, -12309, 00000000, 359.36721324920654;
238, 11.947134, 359.350, -219.597, 11947, -12309, 00000000, 359.36721324920654;
239, 11.993922, 359.350, -215.999, 11947, -12309, 00000000, 359.36721324920654;
240, 12.040923, 359.350, -212.397, 11947, -12309, 00000000, 359.36721324920654;
241, 12.087652, 359.350, -208.804, 11947, -12309, 00000000, 359.36721324920654;
242, 12.134537, 359.350, -205.201, 11947, -12309, 00000000, 359.36721324920654;
243, 12.197047, 359.350, -201.600, 11947, -12309, 00000000, 359.36721324920654;
244, 12.243967, 359.350, -197.996, 11947, -12309, 00000000, 359.36721324920654;
245, 12.290745, 359.350, -194.399, 11947, -12309, 00000000, 359.36721324920654;
246, 12.337634, 359.350, -190.797, 11947, -12309, 00000000, 359.36721324920654;
247, 12.384610, 359.350, -187.206, 11947, -12309, 00000000, 359.36721324920654;
248, 12.446988, 359.350, -183.599, 11947, -12309, 00000000, 359.36721324920654;
249, 12.493865, 359.350, -180.000, 11947, -12309, 00000000, 359.36721324920654;
250, 12.540673, 359.350, -176.398, 11947, -12309, 00000000, 359.36721324920654;
251, 12.587656, 359.350, -172.801, 11947, -12309, 00000000, 359.36721324920654;
252, 12.634619, 359.350, -169.203, 11947, -12309, 00000000, 359.36721324920654;
253, 12.697094, 359.350, -165.604, 11947, -12309, 00000000, 359.36721324920654;
254, 12.743881, 359.350, -161.997, 11947, -12309, 00000000, 359.36721324920654;
255, 12.790775, 359.350, -158.400, 11947, -12309, 00000000, 359.36721324920654;
256, 12.837660, 359.350, -154.797, 11947, -12309, 00000000, 359.36721324920654;
257, 12.884471, 359.350, -151.204, 11947, -12309, 00000000, 359.36721324920654;
258, 12.946958, 359.350, -147.598, 11947, -12309, 00000000, 359.36721324920654;
259, 12.993764, 359.350, -144.002, 11947, -12309, 00000000, 359.36721324920654;
260, 13.040625, 359.350, -140.400, 11947, -12309, 00000000, 359.36721324920654;
261, 13.087545, 359.350, -136.803, 11947, -12309, 00000000, 359.36721324920654;
262, 13.134526, 359.350, -133.200, 11947, -12309, 00000000, 359.36721324920654;
263, 13.197037, 359.350, -129.602, 11947, -12309, 00000000, 359.36721324920654;
264, 13.244144, 359.350, -125.995, 11947, -12309, 00000000, 359.36721324920654;
265, 13.290710, 359.350, -122.398, 11947, -12309, 00000000, 359.36721324920654;
266, 13.338461, 359.350, -118.799, 11947, -12309, 00000000, 359.36721324920654;
267, 13.400035, 359.350, -115.031, 11947, -12309, 00000000, 359.36721324920654;
268, 13.447092, 359.350, -111.601, 11947, -12309, 00000000, 359.36721324920654;
269, 13.493989, 359.350, -108.000, 11947, -12309, 00000000, 359.36721324920654;
270, 13.540820, 359.350, -104.401, 11947, -12309, 00000000, 359.36721324920654;
271, 13.587608, 359.350, -100.799, 11947, -12309, 00000000, 359.36721324920654;
272, 13.634497, 359.350, -97.204, 11947, -12309, 00000000, 359.36721324920654;
273, 13.697039, 359.350, -93.599, 11947, -12309, 00000000, 359.36721324920654;
274, 13.743819, 359.350, -90.000, 11947, -12309, 00000000, 359.36721324920654;
275, 13.790728, 359.350, -86.397, 11947, -12309, 00000000, 359.36721324920654;
276, 13.837540, 359.350, -82.801, 11947, -12309, 00000000, 359.36721324920654;
277, 13.884507, 359.350, -79.197, 11947, -12309, 00000000, 359.36721324920654;
278, 13.947085, 359.350, -75.602, 11947, -12309, 00000000, 359.36721324920654;
279, 13.993917, 359.350, -72.003, 11947, -12309, 00000000, 359.36721324920654;
280, 14.040803, 359.350, -68.403, 11947, -12309, 00000000, 359.36721324920654;
281, 14.087895, 359.350, -64.802, 11947, -12309, 00000000, 359.36721324920654;
282, 14.134484, 359.350, -61.200, 11947, -12309, 00000000, 359.36721324920654;
283, 14.196937, 359.350, -57.596, 11947, -12309, 00000000, 359.36721324920654;
284, 14.243781, 359.350, -54.000, 11947, -12309, 00000000, 359.36721324920654;
285, 14.290558, 359.350, -50.400, 11947, -12309, 00000000, 359.36721324920654;
286, 14.337804, 359.350, -46.801, 11947, -12309, 00000000, 359.36721324920654;
287, 14.384515, 359.350, -43.198, 11947, -12309, 00000000, 359.36721324920654;
288, 14.447108, 359.350, -39.602, 11947, -12309, 00000000, 359.36721324920654;
289, 14.494117, 359.350, -35.997, 11947, -12309, 00000000, 359.36721324920654;
290, 14.540943, 359.350, -32.397, 11947, -12309, 00000000, 359.36721324920654;
291, 14.587600, 359.350, -28.803, 11947, -12309, 00000000, 359.36721324920654;
292, 14.634625, 359.350, -25.203, 11947, -12309, 00000000, 359.36721324920654;
293, 14.696944, 359.350, -21.597, 11947, -12309, 00000000, 359.36721324920654;
294, 14.743727, 359.350, -18.002, 11947, -12309, 00000000, 359.36721324920654;
295, 14.790741, 359.350, -14.401, 11947, -12309, 00000000, 359.36721324920654;
296, 14.838831, 359.350, -10.798, 11947, -12309, 00000000, 359.36721324920654;
297, 14.884580, 359.350, -7.199, 11947, -12309, 00000000, 359.36721324920654;
298, 14.947011, 359.350, -3.599, 11947, -12309, 00000000, 359.36721324920654;
299, 14.994029, 359.350, 0.002, 11947, -12309, 00000000, 359.36721324920654;
300, 15.040784, 359.350, -356.399, 11947, -12309, 00000000, 358.6684216480569;
301, 15.087727, 359.350, -352.801, 11947, -12309, 00000000, 358.6684216480569;
302, 15.134530, 359.350, -349.200, 11947, -12309, 00000000, 358.6684216480569;
303, 15.196990, 359.024, -345.599, 11946, -12307, 00000000, 358.6684216480569;
304, 15.243894, 358.591, -341.999, 11944, -12305, 00000000, 358.6684216480569;
305, 15.290715, 358.483, -338.401, 11943, -12305, 00000000, 358.6684216480569;
306, 15.337558, 358.483, -334.800, 11943, -12305, 00000000, 358.6684216480569;
307, 15.384447, 358.483, -331.200, 11943, -12305, 00000000, 358.6684216480569;
308, 15.446895, 358.483, -327.601, 11943, -12305, 00000000, 358.6684216480569;
309, 15.493751, 358.483, -324.001, 11943, -12305, 00000000, 358.6684216480569;
310, 15.540711, 358.483, -320.400, 11943, -12305, 00000000, 358.6684216480569;
311, 15.587667, 358.483, -316.801, 11943, -12305, 00000000, 358.6684216480569;
312, 15.634505, 358.483, -313.198, 11943, -12305, 00000000, 358.6684216480569;
313, 15.696966, 358.483, -309.598, 11943, -12305, 00000000, 358.6684216480569;
314, 15.743887, 358.483, -306.003, 11943, -12305, 00000000, 358.6684216480569;
315, 15.790750, 358.483, -302.402, 11943, -12305, 00000000, 358.6684216480569;
316, 15.837555, 358.483, -298.798, 11943, -12305, 00000000, 358.6684216480569;
317, 15.900003, 358.483, -295.031, 11943, -12305, 00000000, 358.6684216480569;
318, 15.946876, 358.483, -291.600, 11943, -12305, 00000000, 358.6684216480569;
319, 15.993778, 358.483, -288.000, 11943, -12305, 00000000, 358.6684216480569;
320, 16.040771, 358.483, -284.398, 11943, -12305, 00000000, 358.6684216480569;
321, 16.087664, 358.483, -280.805, 11943, -12305, 00000000, 358.6684216480569;
322, 16.134537, 358.483, -277.203, 11943, -12305, 00000000, 358.6684216480569;
323, 16.197033, 358.483, -273.600, 11943, -12305, 00000000, 358.6684216480569;
324, 16.243787, 358.483, -270.002, 11943, -12305, 00000000, 358.6684216480569;
325, 16.290673, 358.483, -266.400, 11943, -12305, 00000000, 358.6684216480569;
326, 16.340045, 358.483, -262.804, 11943, -12305, 00000000, 358.6684216480569;
327, 16.400029, 358.483, -259.030, 11943, -12305, 00000000, 358.6684216480569;
328, 16.447033, 358.483, -255.600, 11943, -12305, 00000000, 358.6684216480569;
329, 16.493858, 358.483, -252.001, 11943, -12305, 00000000, 358.6684216480569;
330, 16.540680, 358.483, -248.397, 11943, -12305, 00000000, 358.6684216480569;
331, 16.587574, 358.483, -244.800, 11943, -12305, 00000000, 358.6684216480569;
332, 16.634413, 358.483, -241.201, 11943, -12305, 00000000, 358.6684216480569;
333, 16.696825, 358.483, -237.600, 11943, -12305, 00000000, 358.6684216480569;
334, 16.743986, 358.483, -233.997, 11943, -12305, 00000000, 358.6684216480569;
335, 16.790632, 358.483, -230.400, 11943, -12305, 00000000, 358.6684216480569;
336, 16.837539, 358.483, -226.804, 11943, -12305, 00000000, 358.6684216480569;
337, 16.884550, 358.483, -223.195, 11943, -12305, 00000000, 358.6684216480569;
338, 16.947123, 358.483, -219.599, 11943, -12305, 00000000, 358.6684216480569;
339, 16.993821, 358.483, -216.002, 11943, -12305, 00000000, 358.6684216480569;
340, 17.040678, 358.483, -212.397, 11943, -12305, 00000000, 358.6684216480569;
341, 17.087555, 358.483, -208.799, 11943, -12305, 00000000, 358.6684216480569;
342, 17.149989, 358.483, -205.035, 11943, -12305, 00000000, 358.6684216480569;
343, 17.196833, 358.483, -201.601, 11943, -12305, 00000000, 358.6684216480569;
344, 17.243773, 358.483, -198.000, 11943, -12305, 00000000, 358.6684216480569;
345, 17.290702, 358.483, -194.400, 11943, -12305, 00000000, 358.6684216480569;
346, 17.337546, 358.483, -190.802, 11943, -12305, 00000000, 358.6684216480569;
347, 17.384454, 358.483, -187.203, 11943, -12305, 00000000, 358.6684216480569;
348, 17.446863, 358.483, -183.601, 11943, -12305, 00000000, 358.6684216480569;
349, 17.494079, 358.483, -180.003, 11943, -12305, 00000000, 358.6684216480569;
350, 17.540667, 358.483, -176.403, 11943, -12305, 00000000, 358.6684216480569;
351, 17.587456, 358.483, -172.798, 11943, -12305, 00000000, 358.6684216480569;
352, 17.649956, 358.483, -169.036, 11943, -12305, 00000000, 358.6684216480569;
353, 17.697043, 358.483, -165.601, 11943, -12305, 00000000, 358.6684216480569;
354, 17.743636, 358.483, -162.001, 11943, -12305, 00000000, 358.6684216480569;
355, 17.790754, 358.483, -158.397, 11943, -12305, 00000000, 358.6684216480569;
356, 17.840292, 358.483, -154.799, 11943, -12305, 00000000, 358.6684216480569;
357, 17.884571, 358.483, -151.200, 11943, -12305, 00000000, 358.6684216480569;
358, 17.946949, 358.483, -147.602, 11943, -12305, 00000000, 358.6684216480569;
359, 17.993786, 358.483, -143.998, 11943, -12305, 00000000, 358.6684216480569;
360, 18.040679, 358.483, -140.403, 11943, -12305, 00000000, 358.6684216480569;
361, 18.087653, 358.483, -136.798, 11943, -12305, 00000000, 358.6684216480569;
362, 18.134478, 358.483, -133.200, 11943, -12305, 00000000, 358.6684216480569;
363, 18.196963, 358.483, -129.603, 11943, -12305, 00000000, 358.6684216480569;
364, 18.243876, 358.483, -126.001, 11943, -12305, 00000000, 358.6684216480569;
365, 18.290753, 358.483, -122.402, 11943, -12305, 00000000, 358.6684216480569;
366, 18.337568, 358.483, -118.802, 11943, -12305, 00000000, 358.6684216480569;
367, 18.384529, 358.483, -115.206, 11943, -12305, 00000000, 358.6684216480569;
368, 18.446893, 358.483, -111.602, 11943, -12305, 00000000, 358.6684216480569;
369, 18.493698, 358.483, -107.996, 11943, -12305, 00000000, 358.6684216480569;
370, 18.540547, 358.483, -104.398, 11943, -12305, 00000000, 358.6684216480569;
371, 18.587573, 358.483, -100.804, 11943, -12305, 00000000, 358.6684216480569;
372, 18.650065, 358.483, -97.025, 11943, -12305, 00000000, 358.6684216480569;
373, 18.696934, 358.483, -93.602, 11943, -12305, 00000000, 358.6684216480569;
374, 18.743790, 358.483, -90.000, 11943, -12305, 00000000, 358.6684216480569;
375, 18.790605, 358.483, -86.400, 11943, -12305, 00000000, 358.6684216480569;
376, 18.837462, 358.483, -82.802, 11943, -12305, 00000000, 358.6684216480569;
377, 18.899924, 358.483, -79.082, 11943, -12305, 00000000, 358.6684216480569;
378, 18.946783, 358.483, -75.600, 11943, -12305, 00000000, 358.6684216480569;
379, 18.993771, 358.483, -71.998, 11943, -12305, 00000000, 358.6684216480569;
380, 19.040712, 358.483, -68.401, 11943, -12305, 00000000, 358.6684216480569;
381, 19.087502, 358.483, -64.800, 11943, -12305, 00000000, 358.6684216480569;
382, 19.150009, 358.483, -61.075, 11943, -12305, 00000000, 358.6684216480569;
383, 19.196833, 358.483, -57.602, 11943, -12305, 00000000, 358.6684216480569;
384, 19.243750, 358.483, -54.001, 11943, -12305, 00000000, 358.6684216480569;
385, 19.290574, 358.483, -50.403, 11943, -12305, 00000000, 358.6684216480569;
386, 19.337447, 358.483, -46.799, 11943, -12305, 00000000, 358.6684216480569;
387, 19.399881, 358.483, -43.076, 11943, -12305, 00000000, 358.6684216480569;
388, 19.446907, 358.483, -39.600, 11943, -12305, 00000000, 358.6684216480569;
389, 19.493807, 358.483, -36.000, 11943, -12305, 00000000, 358.6684216480569;
390, 19.540785, 358.483, -32.398, 11943, -12305, 00000000, 358.6684216480569;
391, 19.587536, 358.483, -28.798, 11943, -12305, 00000000, 358.6684216480569;
392, 19.650017, 358.483, -25.035, 11943, -12305, 00000000, 358.6684216480569;
393, 19.696899, 358.483, -21.602, 11943, -12305, 00000000, 358.6684216480569;
394, 19.743656, 358.483, -17.998, 11943, -12305, 00000000, 358.6684216480569;
395, 19.790568, 358.483, -14.402, 11943, -12305, 00000000, 358.6684216480569;
396, 19.837360, 358.483, -10.797, 11943, -12305, 00000000, 358.6684216480569;
397, 19.900005, 358.483, -7.035, 11943, -12305, 00000000, 358.6684216480569;
398, 19.946889, 358.483, -3.598, 11943, -12305, 00000000, 358.6684216480569;
399, 19.993831, 358.483, 0.002, 11943, -12305, 00000000, 358.6684216480569;
400, 20.040690, 358.483, -356.399, 11943, -12305, 00000000, 358.4825371336811;
401, 20.087439, 358.483, -352.798, 11943, -12305, 00000000, 358.4825371336811;
402, 20.149956, 358.483, -349.032, 11943, -12305, 00000000, 358.4825371336811;
403, 20.197070, 358.483, -345.604, 11943, -12305, 00000000, 358.4825371336811;
404, 20.243685, 358.483, -342.004, 11943, -12305, 00000000, 358.4825371336811;
405, 20.290636, 358.483, -338.397, 11943, -12305, 00000000, 358.4825371336811;
406, 20.337548, 358.483, -334.798, 11943, -12305, 00000000, 358.4825371336811;
407, 20.384363, 358.483, -331.205, 11943, -12305, 00000000, 358.4825371336811;
408, 20.446942, 358.483, -327.601, 11943, -12305, 00000000, 358.4825371336811;
409, 20.493798, 358.483, -324.004, 11943, -12305, 00000000, 358.4825371336811;
410, 20.540585, 358.483, -320.397, 11943, -12305, 00000000, 358.4825371336811;
411, 20.587447, 358.483, -316.800, 11943, -12305, 00000000, 358.4825371336811;
412, 20.649901, 358.483, -313.040, 11943, -12305, 00000000, 358.4825371336811;
413, 20.696742, 358.483, -309.598, 11943, -12305, 00000000, 358.4825371336811;
414, 20.743721, 358.483, -305.997, 11943, -12305, 00000000, 358.4825371336811;
415, 20.790692, 358.483, -302.403, 11943, -12305, 00000000, 358.4825371336811;
416, 20.837753, 358.483, -298.800, 11943, -12305, 00000000, 358.4825371336811;
417, 20.884382, 358.483, -295.197, 11943, -12305, 00000000, 358.4825371336811;
418, 20.946816, 358.483, -291.599, 11943, -12305, 00000000, 358.4825371336811;
419, 20.993745, 358.483, -288.005, 11943, -12305, 00000000, 358.4825371336811;
420, 21.040755, 358.483, -284.402, 11943, -12305, 00000000, 358.4825371336811;
421, 21.087417, 358.483, -280.797, 11943, -12305, 00000000, 358.4825371336811;
422, 21.134526, 358.483, -277.205, 11943, -12305, 00000000, 358.4825371336811;
423, 21.196950, 358.483, -273.601, 11943, -12305, 00000000, 358.4825371336811;
424, 21.243868, 358.483, -269.997, 11943, -12305, 00000000, 358.4825371336811;
425, 21.290815, 358.483, -266.402, 11943, -12305, 00000000, 358.4825371336811;
426, 21.337547, 358.483, -262.803, 11943, -12305, 00000000, 358.4825371336811;
427, 21.399999, 358.483, -259.034, 11943, -12305, 00000000, 358.4825371336811;
428, 21.446772, 358.483, -255.604, 11943, -12305, 00000000, 358.4825371336811;
429, 21.493686, 358.483, -252.003, 11943, -12305, 00000000, 358.4825371336811;
430, 21.540683, 358.483, -248.400, 11943, -12305, 00000000, 358.4825371336811;
431, 21.587594, 358.483, -244.805, 11943, -12305, 00000000, 358.4825371336811;
432, 21.650030, 358.483, -241.033, 11943, -12305, 00000000, 358.4825371336811;
433, 21.696894, 358.483, -237.603, 11943, -12305, 00000000, 358.4825371336811;
434, 21.743787, 358.483, -234.001, 11943, -12305, 00000000, 358.4825371336811;
435, 21.790586, 358.483, -230.403, 11943, -12305, 00000000, 358.4825371336811;
436, 21.837607, 358.483, -226.798, 11943, -12305, 00000000, 358.4825371336811;
437, 21.899886, 358.483, -223.044, 11943, -12305, 00000000, 358.4825371336811;
438, 21.946935, 358.483, -219.601, 11943, -12305, 00000000, 358.4825371336811;
439, 21.993829, 358.483, -216.002, 11943, -12305, 00000000, 358.4825371336811;
440, 22.040652, 358.483, -212.399, 11943, -12305, 00000000, 358.4825371336811;
441, 22.087504, 358.483, -208.803, 11943, -12305, 00000000, 358.4825371336811;
442, 22.134444, 358.483, -205.204, 11943, -12305, 00000000, 358.4825371336811;
443, 22.196829, 358.483, -201.603, 11943, -12305, 00000000, 358.4825371336811;
444, 22.243740, 358.483, -198.003, 11943, -12305, 00000000, 358.4825371336811;
445, 22.290547, 358.483, -194.402, 11943, -12305, 00000000, 358.4825371336811;
446, 22.337399, 358.483, -190.798, 11943, -12305, 00000000, 358.4825371336811;
447, 22.399987, 358.483, -187.035, 11943, -12305, 00000000, 358.4825371336811;
448, 22.446787, 358.483, -183.603, 11943, -12305, 00000000, 358.4825371336811;
449, 22.493765, 358.483, -179.998, 11943, -12305, 00000000, 358.4825371336811;
450, 22.540617, 358.483, -176.400, 11943, -12305, 00000000, 358.4825371336811;
451, 22.587441, 358.483, -172.805, 11943, -12305, 00000000, 358.4825371336811;
452, 22.650050, 358.483, -169.036, 11943, -12305, 00000000, 358.4825371336811;
453, 22.696780, 358.483, -165.605, 11943, -12305, 00000000, 358.4825371336811;
454, 22.743622, 358.483, -162.002, 11943, -12305, 00000000, 358.4825371336811;
455, 22.790442, 358.483, -158.401, 11943, -12305, 00000000, 358.4825371336811;
456, 22.837451, 358.483, -154.800, 11943, -12305, 00000000, 358.4825371336811;
457, 22.899913, 358.483, -151.078, 11943, -12305, 00000000, 358.4825371336811;
458, 22.946873, 358.483, -147.600, 11943, -12305, 00000000, 358.4825371336811;
459, 22.993860, 358.483, -143.998, 11943, -12305, 00000000, 358.4825371336811;
460, 23.040551, 358.483, -140.398, 11943, -12305, 00000000, 358.4825371336811;
461, 23.087480, 358.483, -136.803, 11943, -12305, 00000000, 358.4825371336811;
462, 23.149886, 358.483, -133.042, 11943, -12305, 00000000, 358.4825371336811;
463, 23.196687, 358.483, -129.601, 11943, -12305, 00000000, 358.4825371336811;
464, 23.243711, 358.483, -126.005, 11943, -12305, 00000000, 358.4825371336811;
465, 23.290642, 358.483, -122.399, 11943, -12305, 00000000, 358.4825371336811;
466, 23.337490, 358.483, -118.801, 11943, -12305, 00000000, 358.4825371336811;
467, 23.384305, 358.483, -115.202, 11943, -12305, 00000000, 358.4825371336811;
468, 23.446805, 358.483, -111.606, 11943, -12305, 00000000, 358.4825371336811;
469, 23.493921, 358.483, -108.001, 11943, -12305, 00000000, 358.4825371336811;
470, 23.540522, 358.483, -104.399, 11943, -12305, 00000000, 358.4825371336811;
471, 23.587347, 358.483, -100.799, 11943, -12305, 00000000, 358.4825371336811;
472, 23.649865, 358.483, -97.047, 11943, -12305, 00000000, 358.4825371336811;
473, 23.696939, 358.483, -93.602, 11943, -12305, 00000000, 358.4825371336811;
474, 23.743754, 358.483, -90.002, 11943, -12305, 00000000, 358.4825371336811;
475, 23.790568, 358.483, -86.403, 11943, -12305, 00000000, 358.4825371336811;
476, 23.837515, 358.483, -82.800, 11943, -12305, 00000000, 358.4825371336811;
477, 23.899959, 358.483, -79.041, 11943, -12305, 00000000, 358.4825371336811;
478, 23.946775, 358.483, -75.606, 11943, -12305, 00000000, 358.4825371336811;
479, 23.993623, 358.483, -72.004, 11943, -12305, 00000000, 358.4825371336811;
480, 24.040470, 358.483, -68.402, 11943, -12305, 00000000, 358.4825371336811;
481, 24.087543, 358.483, -64.803, 11943, -12305, 00000000, 358.4825371336811;
482, 24.134368, 358.483, -61.205, 11943, -12305, 00000000, 358.4825371336811;
483, 24.197030, 358.483, -57.600, 11943, -12305, 00000000, 358.4825371336811;
484, 24.243972, 358.483, -53.998, 11943, -12305, 00000000, 358.4825371336811;
485, 24.290570, 358.483, -50.405, 11943, -12305, 00000000, 358.4825371336811;
486, 24.337579, 358.483, -46.800, 11943, -12305, 00000000, 358.4825371336811;
487, 24.384254, 358.483, -43.200, 11943, -12305, 00000000, 358.4825371336811;
488, 24.446668, 358.483, -39.599, 11943, -12305, 00000000, 358.4825371336811;
489, 24.493749, 358.483, -36.000, 11943, -12305, 00000000, 358.4825371336811;
490, 24.540377, 358.483, -32.401, 11943, -12305, 00000000, 358.4825371336811;
491, 24.587512, 358.483, -28.801, 11943, -12305, 00000000, 358.4825371336811;
492, 24.649943, 358.483, -25.038, 11943, -12305, 00000000, 358.4825371336811;
493, 24.696885, 358.483, -21.605, 11943, -12305, 00000000, 358.4825371336811;
494, 24.743779, 358.483, -17.999, 11943, -12305, 00000000, 358.4825371336811;
495, 24.790505, 358.483, -14.402, 11943, -12305, 00000000, 358.4825371336811;
496, 24.837415, 358.483, -10.798, 11943, -12305, 00000000, 358.4825371336811;
497, 24.899952, 358.483, -7.039, 11943, -12305, 00000000, 358.4825371336811;
498, 24.946862, 358.483, -3.600, 11943, -12305, 00000000, 358.4825371336811;
499, 24.993726, 358.483, -0.004, 11943, -12305, 00000000, 358.4825371336811;
500, 25.040583, 358.483, -356.397, 11943, -12305, 00000000, 357.57783549188935;
501, 25.087630, 358.483, -352.799, 11943, -12305, 00000000, 357.57783549188935;
502, 25.134550, 358.483, -349.200, 11943, -12305, 00000000, 357.57783549188935;
503, 25.196943, 358.266, -345.599, 11942, -12304, 00000000, 357.57783549188935;
504, 25.243852, 357.724, -342.005, 11940, -12301, 00000000, 357.57783549188935;
505, 25.290604, 357.182, -338.400, 11937, -12299, 00000000, 357.57783549188935;
506, 25.337475, 357.073, -334.799, 11937, -12298, 00000000, 357.57783549188935;
507, 25.399978, 356.965, -331.036, 11937, -12297, 00000000, 357.57783549188935;
508, 25.446965, 357.399, -327.600, 11938, -12300, 00000000, 357.57783549188935;
509, 25.493726, 357.832, -324.004, 11940, -12302, 00000000, 357.57783549188935;
510, 25.540568, 358.049, -320.398, 11941, -12303, 00000000, 357.57783549188935;
511, 25.587471, 358.049, -316.807, 11941, -12303, 00000000, 357.57783549188935;
512, 25.649924, 358.049, -313.038, 11941, -12303, 00000000, 357.57783549188935;
513, 25.696677, 358.049, -309.604, 11941, -12303, 00000000, 357.57783549188935;
514, 25.743540, 358.049, -306.002, 11941, -12303, 00000000, 357.57783549188935;
515, 25.790610, 358.049, -302.399, 11941, -12303, 00000000, 357.57783549188935;
516, 25.837487, 358.049, -298.799, 11941, -12303, 00000000, 357.57783549188935;
517, 25.900002, 358.049, -295.031, 11941, -12303, 00000000, 357.57783549188935;
518, 25.946870, 358.049, -291.604, 11941, -12303, 00000000, 357.57783549188935;
519, 25.993691, 358.049, -287.999, 11941, -12303, 00000000, 357.57783549188935;
520, 26.040545, 358.049, -284.400, 11941, -12303, 00000000, 357.57783549188935;
521, 26.087360, 358.049, -280.802, 11941, -12303, 00000000, 357.57783549188935;
522, 26.149815, 358.049, -277.047, 11941, -12303, 00000000, 357.57783549188935;
523, 26.196632, 358.049, -273.606, 11941, -12303, 00000000, 357.57783549188935;
524, 26.243622, 358.049, -270.001, 11941, -12303, 00000000, 357.57783549188935;
525, 26.290507, 358.049, -266.402, 11941, -12303, 00000000, 357.57783549188935;
526, 26.337364, 358.049, -262.800, 11941, -12303, 00000000, 357.57783549188935;
527, 26.399854, 358.049, -259.087, 11941, -12303, 00000000, 357.57783549188935;
528, 26.446733, 358.049, -255.600, 11941, -12303, 00000000, 357.57783549188935;
529, 26.493547, 358.049, -252.004, 11941, -12303, 00000000, 357.57783549188935;
530, 26.540474, 358.049, -248.400, 11941, -12303, 00000000, 357.57783549188935;
531, 26.587351, 358.049, -244.800, 11941, -12303, 00000000, 357.57783549188935;
532, 26.650017, 358.049, -241.035, 11941, -12303, 00000000, 357.57783549188935;
533, 26.696847, 358.049, -237.600, 11941, -12303, 00000000, 357.57783549188935;
534, 26.743689, 358.049, -234.000, 11941, -12303, 00000000, 357.57783549188935;
535, 26.790747, 358.049, -230.402, 11941, -12303, 00000000, 357.57783549188935;
536, 26.837308, 358.049, -226.804, 11941, -12303, 00000000, 357.57783549188935;
537, 26.899847, 358.049, -223.046, 11941, -12303, 00000000, 357.57783549188935;
538, 26.946758, 358.049, -219.598, 11941, -12303, 00000000, 357.57783549188935;
539, 26.993532, 358.049, -215.999, 11941, -12303, 00000000, 357.57783549188935;
540, 27.040447, 358.049, -212.399, 11941, -12303, 00000000, 357.57783549188935;
541, 27.087480, 358.049, -208.804, 11941, -12303, 00000000, 357.57783549188935;
542, 27.149875, 358.049, -205.046, 11941, -12303, 00000000, 357.57783549188935;
543, 27.196777, 358.049, -201.601, 11941, -12303, 00000000, 357.57783549188935;
544, 27.243682, 358.049, -198.003, 11941, -12303, 00000000, 357.57783549188935;
545, 27.290490, 358.049, -194.398, 11941, -12303, 00000000, 357.57783549188935;
546, 27.337283, 358.049, -190.798, 11941, -12303, 00000000, 357.57783549188935;
547, 27.399764, 358.049, -187.055, 11941, -12303, 00000000, 357.57783549188935;
548, 27.446881, 358.049, -183.598, 11941, -12303, 00000000, 357.57783549188935;
549, 27.493711, 358.049, -180.003, 11941, -12303, 00000000, 357.57783549188935;
550, 27.540552, 358.049, -176.399, 11941, -12303, 00000000, 357.57783549188935;
551, 27.587414, 358.049, -172.798, 11941, -12303, 00000000, 357.57783549188935;
552, 27.634232, 358.049, -169.204, 11941, -12303, 00000000, 357.57783549188935;
553, 27.696780, 358.049, -165.597, 11941, -12303, 00000000, 357.57783549188935;
554, 27.743784, 358.049, -162.000, 11941, -12303, 00000000, 357.57783549188935;
555, 27.790426, 358.049, -158.404, 11941, -12303, 00000000, 357.57783549188935;
556, 27.837484, 358.049, -154.804, 11941, -12303, 00000000, 357.57783549188935;
557, 27.899952, 358.049, -151.030, 11941, -12303, 00000000, 357.57783549188935;
558, 27.946871, 358.049, -147.606, 11941, -12303, 00000000, 357.57783549188935;
559, 27.993726, 358.049, -144.002, 11941, -12303, 00000000, 357.57783549188935;
560, 28.040612, 358.049, -140.398, 11941, -12303, 00000000, 357.57783549188935;
561, 28.087480, 358.049, -136.805, 11941, -12303, 00000000, 357.57783549188935;
562, 28.149840, 358.049, -133.043, 11941, -12303, 00000000, 357.57783549188935;
563, 28.196723, 358.049, -129.603, 11941, -12303, 00000000, 357.57783549188935;
564, 28.243536, 358.049, -126.005, 11941, -12303, 00000000, 357.57783549188935;
565, 28.290553, 358.049, -122.401, 11941, -12303, 00000000, 357.57783549188935;
566, 28.337434, 358.049, -118.798, 11941, -12303, 00000000, 357.57783549188935;
567, 28.399979, 358.049, -115.001, 11941, -12303, 00000000, 357.57783549188935;
568, 28.446891, 358.049, -111.605, 11941, -12303, 00000000, 357.57783549188935;
569, 28.493771, 358.049, -108.005, 11941, -12303, 00000000, 357.57783549188935;
570, 28.540598, 358.049, -104.405, 11941, -12303, 00000000, 357.57783549188935;
571, 28.587562, 358.049, -100.802, 11941, -12303, 00000000, 357.57783549188935;
572, 28.649782, 358.049, -97.044, 11941, -12303, 00000000, 357.57783549188935;
573, 28.696841, 358.049, -93.604, 11941, -12303, 00000000, 357.57783549188935;
574, 28.743624, 358.049, -90.006, 11941, -12303, 00000000, 357.57783549188935;
575, 28.790501, 358.049, -86.404, 11941, -12303, 00000000, 357.57783549188935;
576, 28.837462, 358.049, -82.802, 11941, -12303, 00000000, 357.57783549188935;
577, 28.899858, 358.049, -79.045, 11941, -12303, 00000000, 357.57783549188935;
578, 28.946792, 358.049, -75.603, 11941, -12303, 00000000, 357.57783549188935;
579, 28.993577, 358.049, -72.005, 11941, -12303, 00000000, 357.57783549188935;
580, 29.040430, 358.049, -68.399, 11941, -12303, 00000000, 357.57783549188935;
581, 29.087313, 358.049, -64.800, 11941, -12303, 00000000, 357.57783549188935;
582, 29.149954, 358.049, -61.032, 11941, -12303, 00000000, 357.57783549188935;
583, 29.196829, 358.049, -57.600, 11941, -12303, 00000000, 357.57783549188935;
584, 29.243664, 358.049, -54.002, 11941, -12303, 00000000, 357.57783549188935;
585, 29.290521, 358.049, -50.405, 11941, -12303, 00000000, 357.57783549188935;
586, 29.337364, 358.049, -46.805, 11941, -12303, 00000000, 357.57783549188935;
587, 29.399847, 358.049, -43.047, 11941, -12303, 00000000, 357.57783549188935;
588, 29.446785, 358.049, -39.604, 11941, -12303, 00000000, 357.57783549188935;
589, 29.493494, 358.049, -35.998, 11941, -12303, 00000000, 357.57783549188935;
590, 29.540421, 358.049, -32.398, 11941, -12303, 00000000, 357.57783549188935;
591, 29.587336, 358.049, -28.799, 11941, -12303, 00000000, 357.57783549188935;
592, 29.649811, 358.049, -25.048, 11941, -12303, 00000000, 357.57783549188935;
593, 29.696744, 358.049, -21.597, 11941, -12303, 00000000, 357.57783549188935;
594, 29.743653, 358.049, -17.999, 11941, -12303, 00000000, 357.57783549188935;
595, 29.790422, 358.049, -14.402, 11941, -12303, 00000000, 357.57783549188935;
596, 29.837253, 358.049, -10.800, 11941, -12303, 00000000, 357.57783549188935;
597, 29.899725, 358.049, -7.095, 11941, -12303, 00000000, 357.57783549188935;
598, 29.946566, 358.049, -3.601, 11941, -12303, 00000000, 357.57783549188935;
599, 29.993432, 358.049, -0.000, 11941, -12303, 00000000, 357.57783549188935;
600, 30.040506, 358.049, -356.400, 11941, -12303, 00000000, 357.57957143220773;
601, 30.087340, 358.049, -352.803, 11941, -12303, 00000000, 357.57957143220773;
602, 30.149801, 358.049, -349.089, 11941, -12303, 00000000, 357.57957143220773;
603, 30.196711, 358.049, -345.601, 11941, -12303, 00000000, 357.57957143220773;
604, 30.243467, 358.049, -342.002, 11941, -12303, 00000000, 357.57957143220773;
605, 30.290423, 358.049, -338.398, 11941, -12303, 00000000, 357.57957143220773;
606, 30.337165, 358.049, -334.800, 11941, -12303, 00000000, 357.57957143220773;
607, 30.399728, 358.049, -331.049, 11941, -12303, 00000000, 357.57957143220773;
608, 30.446729, 358.049, -327.598, 11941, -12303, 00000000, 357.57957143220773;
609, 30.493643, 358.049, -324.001, 11941, -12303, 00000000, 357.57957143220773;
610, 30.540448, 358.049, -320.400, 11941, -12303, 00000000, 357.57957143220773;
611, 30.587386, 358.049, -316.801, 11941, -12303, 00000000, 357.57957143220773;
612, 30.649786, 358.049, -313.049, 11941, -12303, 00000000, 357.57957143220773;
613, 30.696689, 358.049, -309.605, 11941, -12303, 00000000, 357.57957143220773;
614, 30.743476, 358.049, -306.003, 11941, -12303, 00000000, 357.57957143220773;
615, 30.790331, 358.049, -302.405, 11941, -12303, 00000000, 357.57957143220773;
616, 30.837218, 358.049, -298.805, 11941, -12303, 00000000, 357.57957143220773;
617, 30.899812, 358.049, -295.044, 11941, -12303, 00000000, 357.57957143220773;
618, 30.946760, 358.049, -291.605, 11941, -12303, 00000000, 357.57957143220773;
619, 30.993768, 358.049, -288.006, 11941, -12303, 00000000, 357.57957143220773;
620, 31.040401, 358.049, -284.400, 11941, -12303, 00000000, 357.57957143220773;
621, 31.087486, 358.049, -280.805, 11941, -12303, 00000000, 357.57957143220773;
622, 31.149972, 358.049, -277.039, 11941, -12303, 00000000, 357.57957143220773;
623, 31.196551, 358.049, -273.604, 11941, -12303, 00000000, 357.57957143220773;
624, 31.243731, 358.049, -270.001, 11941, -12303, 00000000, 357.57957143220773;
625, 31.290313, 358.049, -266.399, 11941, -12303, 00000000, 357.57957143220773;
626, 31.337439, 358.049, -262.804, 11941, -12303, 00000000, 357.57957143220773;
627, 31.399870, 358.049, -259.043, 11941, -12303, 00000000, 357.57957143220773;
628, 31.446776, 358.049, -255.602, 11941, -12303, 00000000, 357.57957143220773;
629, 31.493549, 358.049, -252.003, 11941, -12303, 00000000, 357.57957143220773;
630, 31.540606, 358.049, -248.405, 11941, -12303, 00000000, 357.57957143220773;
631, 31.587254, 358.049, -244.804, 11941, -12303, 00000000, 357.57957143220773;
632, 31.649951, 358.049, -241.040, 11941, -12303, 00000000, 357.57957143220773;
633, 31.696736, 358.049, -237.601, 11941, -12303, 00000000, 357.57957143220773;
634, 31.743668, 358.049, -233.999, 11941, -12303, 00000000, 357.57957143220773;
635, 31.790556, 358.049, -230.406, 11941, -12303, 00000000, 357.57957143220773;
636, 31.837364, 358.049, -226.801, 11941, -12303, 00000000, 357.57957143220773;
637, 31.899856, 358.049, -223.047, 11941, -12303, 00000000, 357.57957143220773;
638, 31.946698, 358.049, -219.603, 11941, -12303, 00000000, 357.57957143220773;
639, 31.993577, 358.049, -215.999, 11941, -12303, 00000000, 357.57957143220773;
640, 32.040353, 358.049, -212.403, 11941, -12303, 00000000, 357.57957143220773;
641, 32.087441, 358.049, -208.805, 11941, -12303, 00000000, 357.57957143220773;
642, 32.149874, 358.049, -205.040, 11941, -12303, 00000000, 357.57957143220773;
643, 32.196730, 358.049, -201.601, 11941, -12303, 00000000, 357.57957143220773;
644, 32.243587, 358.049, -197.998, 11941, -12303, 00000000, 357.57957143220773;
645, 32.290414, 358.049, -194.403, 11941, -12303, 00000000, 357.57957143220773;
646, 32.337255, 358.049, -190.799, 11941, -12303, 00000000, 357.57957143220773;
647, 32.399831, 358.049, -187.049, 11941, -12303, 00000000, 357.57957143220773;
648, 32.446671, 358.049, -183.599, 11941, -12303, 00000000, 357.57957143220773;
649, 32.493529, 358.049, -180.005, 11941, -12303, 00000000, 357.57957143220773;
650, 32.540538, 358.049, -176.399, 11941, -12303, 00000000, 357.57957143220773;
651, 32.587278, 358.049, -172.803, 11941, -12303, 00000000, 357.57957143220773;
652, 32.649828, 358.049, -169.045, 11941, -12303, 00000000, 357.57957143220773;
653, 32.696891, 358.049, -165.601, 11941, -12303, 00000000, 357.57957143220773;
654, 32.743585, 358.049, -162.007, 11941, -12303, 00000000, 357.57957143220773;
