0.000,1,1,0.000,0.000,0.00000,00000000
0.030,1,1,0.000,0.000,0.00000,00000000
0.046,1,1,0.000,0.000,0.00000,00000000
0.061,1,1,0.000,0.000,0.00000,00000000
0.077,1,1,0.000,0.000,0.00000,00000000
0.093,1,2,0.222,-0.000,-0.00189,00000000
0.108,4,5,1.556,-0.003,-0.00189,00000000
0.124,7,8,2.890,-0.005,-0.00189,00000000
0.139,10,13,4.668,-0.012,-0.00568,00000000
0.155,14,19,6.891,-0.029,-0.00946,00000000
0.171,19,26,9.558,-0.059,-0.01324,00000000
0.186,25,32,12.225,-0.094,-0.01324,00000000
0.202,30,38,14.670,-0.129,-0.01513,00000000
0.218,35,43,16.892,-0.163,-0.01513,00000000
0.233,40,48,19.115,-0.196,-0.01513,00000000
0.249,44,54,21.338,-0.234,-0.01892,00000000
0.264,50,59,23.782,-0.278,-0.01703,00000000
0.280,55,64,26.005,-0.316,-0.01703,00000000
0.296,59,69,28.005,-0.352,-0.01892,00000000
0.311,64,74,30.227,-0.394,-0.01892,00000000
0.327,69,79,32.450,-0.436,-0.01892,00000000
0.343,74,84,34.672,-0.478,-0.01892,00000000
0.358,79,89,36.895,-0.520,-0.01892,00000000
0.374,83,94,38.895,-0.560,-0.02081,00000000
0.389,88,99,41.117,-0.606,-0.02081,00000000
0.405,93,104,43.340,-0.652,-0.02081,00000000
0.421,98,109,45.562,-0.699,-0.02081,00000000
0.436,102,115,47.784,-0.749,-0.02459,00000000
0.452,107,119,49.784,-0.796,-0.02270,00000000
0.468,112,124,52.006,-0.847,-0.02270,00000000
0.483,117,129,54.229,-0.897,-0.02270,00000000
0.499,121,134,56.229,-0.945,-0.02459,00000000
0.514,126,138,58.229,-0.992,-0.02270,00000000
0.530,131,143,60.451,-1.042,-0.02270,00000000
0.546,135,148,62.451,-1.090,-0.02459,00000000
0.561,140,153,64.673,-1.144,-0.02459,00000000
0.577,145,158,66.895,-1.199,-0.02459,00000000
0.593,149,162,68.673,-1.243,-0.02459,00000000
0.608,154,167,70.895,-1.297,-0.02459,00000000
0.624,158,172,72.895,-1.348,-0.02648,00000000
0.639,163,177,75.117,-1.407,-0.02648,00000000
0.655,168,182,77.339,-1.466,-0.02648,00000000
0.671,172,187,79.339,-1.521,-0.02838,00000000
0.686,177,192,81.561,-1.584,-0.02838,00000000
0.702,181,196,83.338,-1.635,-0.02838,00000000
0.718,186,201,85.560,-1.698,-0.02838,00000000
0.733,191,206,87.782,-1.761,-0.02838,00000000
0.749,195,211,89.782,-1.819,-0.03027,00000000
0.764,200,216,92.004,-1.887,-0.03027,00000000
0.780,204,221,94.003,-1.949,-0.03216,00000000
0.796,209,225,96.003,-2.012,-0.03027,00000000
0.811,213,230,98.002,-2.074,-0.03216,00000000
0.827,218,235,100.224,-2.145,-0.03216,00000000
0.843,222,240,102.223,-2.212,-0.03405,00000000
0.858,227,244,104.223,-2.278,-0.03216,00000000
0.874,231,249,106.222,-2.344,-0.03405,00000000
0.889,236,254,108.444,-2.420,-0.03405,00000000
0.905,240,259,110.443,-2.490,-0.03594,00000000
0.921,245,263,112.442,-2.560,-0.03405,00000000
0.937,249,268,114.442,-2.630,-0.03594,00000000
0.952,254,274,116.885,-2.720,-0.03784,00000000
0.968,258,279,118.884,-2.797,-0.03973,00000000
0.983,263,284,121.105,-2.886,-0.03973,00000000
0.999,267,289,123.104,-2.967,-0.04162,00000000
1.015,272,294,125.325,-3.060,-0.04162,00000000
1.030,277,299,127.546,-3.152,-0.04162,00000000
1.046,281,304,129.545,-3.237,-0.04351,00000000
1.061,286,309,131.765,-3.334,-0.04351,00000000
1.077,291,314,133.986,-3.431,-0.04351,00000000
1.093,295,319,135.985,-3.519,-0.04540,00000000
1.108,300,324,138.205,-3.620,-0.04540,00000000
1.124,305,328,140.204,-3.709,-0.04351,00000000
1.140,309,333,142.202,-3.798,-0.04540,00000000
1.155,314,338,144.423,-3.899,-0.04540,00000000
1.171,318,343,146.421,-3.992,-0.04729,00000000
1.186,322,348,148.420,-4.088,-0.04919,00000000
1.202,327,353,150.640,-4.198,-0.04919,00000000
1.218,332,358,152.860,-4.307,-0.04919,00000000
1.233,336,362,154.636,-4.394,-0.04919,00000000
1.249,341,367,156.856,-4.504,-0.04919,00000000
1.264,345,372,158.854,-4.604,-0.05108,00000000
1.280,350,377,161.074,-4.717,-0.05108,00000000
1.296,354,382,163.072,-4.821,-0.05297,00000000
1.311,358,387,165.070,-4.929,-0.05486,00000000
1.327,363,391,167.067,-5.037,-0.05297,00000000
1.343,368,396,169.287,-5.155,-0.05297,00000000
1.358,373,401,171.507,-5.272,-0.05297,00000000
1.374,377,406,173.504,-5.380,-0.05486,00000000
1.389,382,411,175.724,-5.502,-0.05486,00000000
1.405,386,416,177.721,-5.614,-0.05675,00000000
1.421,391,421,179.940,-5.740,-0.05675,00000000
1.436,395,426,181.938,-5.855,-0.05864,00000000
1.452,400,431,184.157,-5.985,-0.05864,00000000
1.468,405,436,186.376,-6.116,-0.05864,00000000
1.483,409,440,188.151,-6.220,-0.05864,00000000
1.499,414,445,190.370,-6.350,-0.05864,00000000
1.514,418,450,192.367,-6.469,-0.06054,00000000
1.530,423,455,194.586,-6.604,-0.06054,00000000
1.546,427,460,196.582,-6.727,-0.06243,00000000
1.561,432,465,198.801,-6.865,-0.06243,00000000
1.577,436,469,200.576,-6.976,-0.06243,00000000
1.592,440,474,202.572,-7.103,-0.06432,00000000
1.608,445,479,204.790,-7.246,-0.06432,00000000
1.624,449,484,206.787,-7.376,-0.06621,00000000
1.639,453,489,208.783,-7.511,-0.06810,00000000
1.655,458,494,211.000,-7.662,-0.06810,00000000
1.671,462,499,212.996,-7.800,-0.07000,00000000
1.686,467,504,215.213,-7.955,-0.07000,00000000
1.702,471,509,217.209,-8.097,-0.07189,00000000
1.718,476,514,219.426,-8.257,-0.07189,00000000
1.733,480,519,221.421,-8.402,-0.07378,00000000
1.749,485,524,223.638,-8.566,-0.07378,00000000
1.764,489,529,225.633,-8.716,-0.07567,00000000
1.780,494,533,227.628,-8.865,-0.07378,00000000
1.796,498,538,229.623,-9.014,-0.07567,00000000
1.811,503,543,231.839,-9.182,-0.07567,00000000
1.827,507,548,233.834,-9.335,-0.07756,00000000
1.843,512,553,236.050,-9.508,-0.07756,00000000
1.858,517,558,238.266,-9.680,-0.07756,00000000
1.874,521,563,240.261,-9.837,-0.07945,00000000
1.889,526,568,242.477,-10.013,-0.07945,00000000
1.905,530,573,244.471,-10.174,-0.08135,00000000
1.921,534,578,246.464,-10.338,-0.08324,00000000
1.936,539,583,248.680,-10.523,-0.08324,00000000
1.952,543,588,250.673,-10.691,-0.08513,00000000
1.967,548,592,252.666,-10.860,-0.08324,00000000
1.983,552,597,254.660,-11.028,-0.08513,00000000
1.999,557,602,256.875,-11.217,-0.08513,00000000
2.014,561,607,258.868,-11.389,-0.08702,00000000
2.030,566,612,261.082,-11.582,-0.08702,00000000
2.046,570,617,263.075,-11.758,-0.08891,00000000
2.061,575,622,265.289,-11.955,-0.08891,00000000
2.077,579,627,267.282,-12.135,-0.09080,00000000
2.092,584,631,269.274,-12.314,-0.08891,00000000
2.108,588,636,271.267,-12.494,-0.09080,00000000
2.124,593,641,273.480,-12.695,-0.09080,00000000
2.139,597,646,275.472,-12.879,-0.09270,00000000
2.155,602,651,277.686,-13.084,-0.09270,00000000
2.171,607,656,279.899,-13.290,-0.09270,00000000
2.186,611,661,281.891,-13.477,-0.09459,00000000
2.202,615,665,283.661,-13.645,-0.09459,00000000
2.218,620,670,285.874,-13.855,-0.09459,00000000
2.233,624,675,287.865,-14.046,-0.09648,00000000
2.249,629,680,290.078,-14.260,-0.09648,00000000
2.265,633,684,291.848,-14.431,-0.09648,00000000
2.280,638,689,294.060,-14.645,-0.09648,00000000
2.296,643,694,296.273,-14.859,-0.09648,00000000
2.311,647,700,298.485,-15.078,-0.10026,00000000
2.327,652,704,300.476,-15.276,-0.09837,00000000
2.342,656,709,302.466,-15.475,-0.10026,00000000
2.358,660,714,304.456,-15.677,-0.10216,00000000
2.374,665,719,306.668,-15.903,-0.10216,00000000
2.390,669,724,308.658,-16.109,-0.10405,00000000
2.405,674,729,310.868,-16.340,-0.10405,00000000
2.421,678,734,312.858,-16.550,-0.10594,00000000
2.436,683,738,314.848,-16.759,-0.10405,00000000
2.452,687,743,316.837,-16.969,-0.10594,00000000
2.467,692,749,319.268,-17.230,-0.10783,00000000
2.483,696,754,321.257,-17.447,-0.10972,00000000
2.499,701,759,323.466,-17.690,-0.10972,00000000
2.514,705,765,325.675,-17.938,-0.11351,00000000
2.530,710,770,327.884,-18.190,-0.11351,00000000
2.546,714,775,329.871,-18.418,-0.11540,00000000
2.561,719,780,332.079,-18.674,-0.11540,00000000
2.577,723,786,334.287,-18.934,-0.11918,00000000
2.593,728,791,336.494,-19.199,-0.11918,00000000
2.608,733,797,338.921,-19.492,-0.12107,00000000
2.624,737,802,340.907,-19.735,-0.12296,00000000
2.639,742,807,343.113,-20.008,-0.12296,00000000
2.655,747,812,345.319,-20.280,-0.12296,00000000
2.671,751,817,347.304,-20.528,-0.12486,00000000
2.686,756,822,349.510,-20.805,-0.12486,00000000
2.702,760,827,351.495,-21.056,-0.12675,00000000
2.718,765,831,353.479,-21.307,-0.12486,00000000
2.733,770,836,355.685,-21.583,-0.12486,00000000
2.749,774,841,357.670,-21.834,-0.12675,00000000
2.764,779,846,359.875,-22.115,-0.12675,00000000
2.780,783,851,361.859,-22.370,-0.12864,00000000
2.796,787,856,363.843,-22.629,-0.13053,00000000
2.811,792,860,365.826,-22.887,-0.12864,00000000
2.827,797,865,368.031,-23.172,-0.12864,00000000
2.842,801,870,370.015,-23.431,-0.13053,00000000
2.858,806,875,372.219,-23.720,-0.13053,00000000
2.874,810,879,373.982,-23.952,-0.13053,00000000
2.889,815,884,376.186,-24.241,-0.13053,00000000
2.905,819,889,378.169,-24.503,-0.13242,00000000
2.921,824,894,380.372,-24.797,-0.13242,00000000
2.936,828,899,382.355,-25.063,-0.13432,00000000
2.952,833,904,384.558,-25.360,-0.13432,00000000
2.968,837,909,386.540,-25.630,-0.13621,00000000
2.983,842,914,388.742,-25.932,-0.13621,00000000
2.999,846,918,390.504,-26.173,-0.13621,00000000
3.014,851,923,392.706,-26.475,-0.13621,00000000
3.030,855,928,394.688,-26.749,-0.13810,00000000
3.046,860,933,396.890,-27.055,-0.13810,00000000
3.061,864,938,398.871,-27.332,-0.13999,00000000
3.077,868,943,400.852,-27.613,-0.14188,00000000
3.093,873,947,402.832,-27.894,-0.13999,00000000
3.108,878,952,405.034,-28.204,-0.13999,00000000
3.124,882,957,407.014,-28.485,-0.14188,00000000
3.139,887,962,409.215,-28.800,-0.14188,00000000
3.155,891,967,411.195,-29.084,-0.14377,00000000
3.171,896,972,413.395,-29.403,-0.14377,00000000
3.186,900,977,415.374,-29.691,-0.14567,00000000
3.202,905,982,417.574,-30.014,-0.14567,00000000
3.218,909,987,419.553,-30.306,-0.14756,00000000
3.233,914,991,421.532,-30.598,-0.14567,00000000
3.249,918,996,423.511,-30.891,-0.14756,00000000
3.264,923,1001,425.710,-31.218,-0.14756,00000000
3.280,927,1006,427.688,-31.514,-0.14945,00000000
3.296,931,1011,429.666,-31.813,-0.15134,00000000
3.311,936,1016,431.864,-32.148,-0.15134,00000000
3.327,940,1021,433.841,-32.452,-0.15323,00000000
3.343,945,1025,435.818,-32.755,-0.15134,00000000
3.358,949,1030,437.796,-33.059,-0.15323,00000000
3.374,954,1035,439.992,-33.398,-0.15323,00000000
3.389,958,1040,441.969,-33.705,-0.15512,00000000
3.405,963,1045,444.165,-34.049,-0.15512,00000000
3.421,967,1049,445.922,-34.324,-0.15512,00000000
3.436,972,1054,448.118,-34.667,-0.15512,00000000
3.452,976,1059,450.095,-34.978,-0.15702,00000000
3.468,981,1064,452.290,-35.326,-0.15702,00000000
3.483,985,1069,454.266,-35.640,-0.15891,00000000
3.499,990,1073,456.241,-35.955,-0.15702,00000000
3.514,994,1078,458.217,-36.270,-0.15891,00000000
3.530,999,1083,460.412,-36.621,-0.15891,00000000
3.546,1003,1088,462.387,-36.940,-0.16080,00000000
3.561,1008,1093,464.581,-37.296,-0.16080,00000000
3.577,1012,1098,466.555,-37.618,-0.16269,00000000
3.593,1017,1102,468.530,-37.940,-0.16080,00000000
3.608,1021,1107,470.504,-38.262,-0.16269,00000000
3.624,1026,1112,472.698,-38.622,-0.16269,00000000
3.640,1030,1117,474.672,-38.948,-0.16458,00000000
3.655,1035,1122,476.864,-39.312,-0.16458,00000000
3.671,1039,1127,478.838,-39.642,-0.16648,00000000
3.686,1044,1132,481.030,-40.010,-0.16648,00000000
3.702,1048,1137,483.002,-40.344,-0.16837,00000000
3.718,1053,1142,485.194,-40.716,-0.16837,00000000
3.733,1057,1146,486.947,-41.014,-0.16837,00000000
3.749,1062,1151,489.138,-41.387,-0.16837,00000000
3.764,1066,1156,491.110,-41.724,-0.17026,00000000
3.780,1071,1161,493.301,-42.100,-0.17026,00000000
3.796,1075,1165,495.053,-42.402,-0.17026,00000000
3.811,1080,1170,497.244,-42.778,-0.17026,00000000
3.827,1084,1175,499.215,-43.119,-0.17215,00000000
3.843,1090,1180,501.625,-43.536,-0.17026,00000000
3.858,1094,1184,503.377,-43.837,-0.17026,00000000
3.874,1099,1189,505.568,-44.214,-0.17026,00000000
3.889,1104,1194,507.759,-44.590,-0.17026,00000000
3.905,1108,1199,509.730,-44.931,-0.17215,00000000
3.921,1113,1204,511.920,-45.312,-0.17215,00000000
3.936,1118,1209,514.110,-45.693,-0.17215,00000000
3.952,1122,1214,516.080,-46.037,-0.17404,00000000
3.968,1127,1219,518.270,-46.422,-0.17404,00000000
3.983,1131,1224,520.240,-46.770,-0.17593,00000000
3.999,1135,1229,522.209,-47.122,-0.17783,00000000
4.014,1140,1234,524.397,-47.516,-0.17783,00000000
4.030,1145,1238,526.366,-47.868,-0.17593,00000000
4.046,1149,1243,528.335,-48.220,-0.17783,00000000
4.061,1153,1248,530.304,-48.575,-0.17972,00000000
4.077,1158,1253,532.491,-48.973,-0.17972,00000000
4.092,1162,1258,534.459,-49.332,-0.18161,00000000
4.108,1167,1262,536.427,-49.692,-0.17972,00000000
4.124,1172,1267,538.614,-50.089,-0.17972,00000000
4.139,1176,1272,540.582,-50.448,-0.18161,00000000
4.155,1181,1277,542.768,-50.850,-0.18161,00000000
4.171,1185,1282,544.736,-51.213,-0.18350,00000000
4.186,1190,1286,546.703,-51.576,-0.18161,00000000
4.202,1194,1291,548.670,-51.939,-0.18350,00000000
4.217,1199,1296,550.856,-52.345,-0.18350,00000000
4.233,1203,1301,552.822,-52.712,-0.18539,00000000
4.249,1208,1306,555.007,-53.122,-0.18539,00000000
4.264,1212,1311,556.973,-53.492,-0.18728,00000000
4.280,1217,1316,559.157,-53.906,-0.18728,00000000
4.296,1222,1320,561.123,-54.277,-0.18539,00000000
4.311,1226,1325,563.089,-54.647,-0.18728,00000000
4.327,1230,1330,565.054,-55.022,-0.18918,00000000
4.343,1235,1335,567.237,-55.440,-0.18918,00000000
4.358,1239,1340,569.202,-55.818,-0.19107,00000000
4.374,1244,1345,571.384,-56.240,-0.19107,00000000
4.390,1248,1350,573.348,-56.622,-0.19296,00000000
4.405,1253,1355,575.529,-57.048,-0.19296,00000000
4.421,1258,1359,577.493,-57.430,-0.19107,00000000
4.436,1263,1364,579.676,-57.852,-0.19107,00000000
4.452,1267,1369,581.639,-58.234,-0.19296,00000000
4.468,1272,1374,583.821,-58.660,-0.19296,00000000
4.483,1276,1379,585.784,-59.045,-0.19485,00000000
4.499,1281,1384,587.965,-59.476,-0.19485,00000000
4.514,1285,1389,589.927,-59.865,-0.19674,00000000
4.530,1289,1394,591.889,-60.258,-0.19864,00000000
4.546,1294,1398,593.850,-60.651,-0.19674,00000000
4.561,1298,1403,595.812,-61.044,-0.19864,00000000
4.577,1303,1408,597.991,-61.482,-0.19864,00000000
4.593,1307,1413,599.952,-61.879,-0.20053,00000000
4.608,1312,1418,602.130,-62.322,-0.20053,00000000
4.624,1316,1422,603.873,-62.676,-0.20053,00000000
4.639,1321,1427,606.051,-63.119,-0.20053,00000000
4.655,1325,1432,608.011,-63.519,-0.20242,00000000
4.671,1330,1437,610.188,-63.966,-0.20242,00000000
4.686,1334,1442,612.148,-64.370,-0.20431,00000000
4.702,1338,1446,613.889,-64.731,-0.20431,00000000
4.717,1343,1451,616.066,-65.182,-0.20431,00000000
4.733,1348,1456,618.242,-65.633,-0.20431,00000000
4.749,1352,1462,620.418,-66.088,-0.20809,00000000
4.764,1357,1467,622.593,-66.547,-0.20809,00000000
4.780,1361,1472,624.550,-66.962,-0.20999,00000000
4.796,1366,1477,626.724,-67.426,-0.20999,00000000
4.811,1370,1482,628.680,-67.845,-0.21188,00000000
4.827,1375,1487,630.853,-68.312,-0.21188,00000000
4.842,1379,1492,632.809,-68.735,-0.21377,00000000
4.858,1384,1497,634.981,-69.206,-0.21377,00000000
4.874,1389,1501,636.936,-69.629,-0.21188,00000000
4.889,1394,1506,639.109,-70.096,-0.21188,00000000
4.905,1398,1511,641.065,-70.519,-0.21377,00000000
4.921,1402,1516,643.019,-70.945,-0.21566,00000000
4.936,1407,1521,645.191,-71.421,-0.21566,00000000
4.952,1412,1526,647.362,-71.896,-0.21566,00000000
4.967,1416,1531,649.316,-72.326,-0.21755,00000000
4.983,1421,1535,651.270,-72.756,-0.21566,00000000
4.999,1425,1540,653.223,-73.186,-0.21755,00000000
5.014,1430,1545,655.394,-73.666,-0.21755,00000000
5.030,1434,1550,657.347,-74.100,-0.21944,00000000
5.046,1439,1555,659.516,-74.583,-0.21944,00000000
5.061,1443,1560,661.468,-75.021,-0.22134,00000000
5.077,1448,1565,663.637,-75.509,-0.22134,00000000
5.093,1452,1570,665.588,-75.950,-0.22323,00000000
5.108,1457,1575,667.756,-76.442,-0.22323,00000000
5.124,1461,1580,669.707,-76.887,-0.22512,00000000
5.139,1466,1584,671.657,-77.331,-0.22323,00000000
5.155,1471,1589,673.825,-77.823,-0.22323,00000000
5.171,1475,1594,675.775,-78.268,-0.22512,00000000
5.186,1480,1599,677.942,-78.764,-0.22512,00000000
5.202,1484,1604,679.892,-79.213,-0.22701,00000000
5.218,1489,1609,682.057,-79.713,-0.22701,00000000
5.233,1494,1614,684.223,-80.213,-0.22701,00000000
5.249,1498,1619,686.172,-80.665,-0.22890,00000000
5.264,1503,1624,688.337,-81.170,-0.22890,00000000
5.280,1507,1629,690.285,-81.626,-0.23080,00000000
5.296,1512,1633,692.233,-82.081,-0.22890,00000000
5.311,1516,1638,694.181,-82.537,-0.23080,00000000
5.327,1521,1643,696.344,-83.046,-0.23080,00000000
5.342,1525,1648,698.292,-83.505,-0.23269,00000000
5.358,1530,1653,700.454,-84.018,-0.23269,00000000
5.374,1534,1658,702.401,-84.481,-0.23458,00000000
5.389,1539,1662,704.347,-84.944,-0.23269,00000000
5.405,1543,1667,706.293,-85.407,-0.23458,00000000
5.421,1548,1673,708.671,-85.978,-0.23647,00000000
5.436,1552,1677,710.399,-86.394,-0.23647,00000000
5.452,1557,1682,712.560,-86.915,-0.23647,00000000
5.468,1561,1687,714.505,-87.386,-0.23836,00000000
5.483,1566,1692,716.665,-87.910,-0.23836,00000000
5.499,1571,1697,718.825,-88.435,-0.23836,00000000
5.514,1575,1701,720.553,-88.855,-0.23836,00000000
5.530,1580,1706,722.713,-89.380,-0.23836,00000000
5.546,1585,1711,724.873,-89.905,-0.23836,00000000
5.561,1589,1716,726.816,-90.379,-0.24025,00000000
5.577,1594,1721,728.975,-90.908,-0.24025,00000000
5.592,1598,1725,730.702,-91.331,-0.24025,00000000
5.608,1603,1730,732.861,-91.860,-0.24025,00000000
5.624,1607,1735,734.804,-92.338,-0.24215,00000000
5.639,1612,1740,736.962,-92.871,-0.24215,00000000
5.655,1616,1745,738.904,-93.352,-0.24404,00000000
5.671,1621,1750,741.061,-93.889,-0.24404,00000000
5.686,1625,1754,742.786,-94.319,-0.24404,00000000
5.702,1630,1759,744.943,-94.856,-0.24404,00000000
5.717,1634,1764,746.884,-95.341,-0.24593,00000000
5.733,1639,1769,749.040,-95.883,-0.24593,00000000
5.749,1643,1774,750.980,-96.371,-0.24782,00000000
5.764,1648,1778,752.920,-96.860,-0.24593,00000000
5.780,1652,1783,754.860,-97.349,-0.24782,00000000
5.796,1657,1788,757.014,-97.894,-0.24782,00000000
5.811,1661,1793,758.953,-98.387,-0.24971,00000000
5.827,1666,1797,760.892,-98.880,-0.24782,00000000
5.842,1670,1802,762.831,-99.372,-0.24971,00000000
5.858,1675,1807,764.985,-99.921,-0.24971,00000000
5.874,1679,1812,766.923,-100.418,-0.25160,00000000
5.889,1683,1816,768.646,-100.860,-0.25160,00000000
5.905,1688,1821,770.798,-101.414,-0.25160,00000000
5.921,1693,1826,772.951,-101.967,-0.25160,00000000
5.936,1697,1831,774.888,-102.467,-0.25350,00000000
5.952,1702,1835,776.825,-102.967,-0.25160,00000000
5.967,1707,1840,778.978,-103.520,-0.25160,00000000
5.983,1711,1845,780.915,-104.020,-0.25350,00000000
5.999,1716,1850,783.067,-104.578,-0.25350,00000000
6.014,1720,1855,785.003,-105.081,-0.25539,00000000
6.030,1725,1860,787.154,-105.643,-0.25539,00000000
6.046,1730,1865,789.305,-106.204,-0.25539,00000000
6.061,1734,1869,791.025,-106.653,-0.25539,00000000
6.077,1738,1874,792.960,-107.161,-0.25728,00000000
6.092,1743,1879,795.110,-107.726,-0.25728,00000000
6.108,1747,1884,797.044,-108.237,-0.25917,00000000
6.124,1752,1888,798.979,-108.748,-0.25728,00000000
6.139,1756,1893,800.913,-109.259,-0.25917,00000000
6.155,1761,1898,803.061,-109.829,-0.25917,00000000
6.171,1766,1903,805.210,-110.398,-0.25917,00000000
6.186,1770,1908,807.143,-110.913,-0.26106,00000000
6.202,1775,1912,809.076,-111.427,-0.25917,00000000
6.217,1779,1917,811.010,-111.942,-0.26106,00000000
6.233,1784,1922,813.157,-112.516,-0.26106,00000000
6.249,1788,1928,815.304,-113.093,-0.26485,00000000
6.264,1793,1932,817.235,-113.615,-0.26296,00000000
6.280,1797,1937,819.166,-114.137,-0.26485,00000000
6.296,1801,1942,821.096,-114.662,-0.26674,00000000
6.311,1806,1947,823.241,-115.248,-0.26674,00000000
6.327,1810,1952,825.170,-115.778,-0.26863,00000000
6.342,1815,1956,827.099,-116.307,-0.26674,00000000
6.358,1819,1961,829.029,-116.836,-0.26863,00000000
6.374,1824,1966,831.172,-117.426,-0.26863,00000000
6.389,1828,1971,833.100,-117.959,-0.27052,00000000
6.405,1833,1976,835.242,-118.553,-0.27052,00000000
6.421,1838,1982,837.597,-119.208,-0.27241,00000000
6.436,1842,1987,839.524,-119.748,-0.27431,00000000
6.452,1847,1992,841.663,-120.350,-0.27431,00000000
6.468,1852,1998,844.016,-121.015,-0.27620,00000000
6.483,1857,2003,846.155,-121.621,-0.27620,00000000
6.499,1861,2008,848.079,-122.169,-0.27809,00000000
6.514,1866,2013,850.217,-122.779,-0.27809,00000000
6.530,1870,2018,852.140,-123.330,-0.27998,00000000
6.546,1875,2023,854.276,-123.944,-0.27998,00000000
6.561,1880,2028,856.412,-124.558,-0.27998,00000000
6.577,1884,2033,858.335,-125.113,-0.28187,00000000
6.592,1889,2038,860.470,-125.731,-0.28187,00000000
6.608,1893,2043,862.391,-126.289,-0.28376,00000000
6.624,1898,2047,864.312,-126.848,-0.28187,00000000
6.639,1902,2052,866.233,-127.406,-0.28376,00000000
6.655,1907,2058,868.580,-128.093,-0.28566,00000000
6.670,1911,2063,870.498,-128.658,-0.28755,00000000
6.686,1916,2068,872.630,-129.289,-0.28755,00000000
6.702,1920,2073,874.548,-129.858,-0.28944,00000000
6.717,1925,2079,876.891,-130.558,-0.29133,00000000
6.733,1930,2084,879.020,-131.196,-0.29133,00000000
6.749,1934,2088,880.723,-131.707,-0.29133,00000000
6.764,1939,2093,882.852,-132.346,-0.29133,00000000
6.780,1943,2098,884.768,-132.922,-0.29322,00000000
6.796,1948,2103,886.896,-133.565,-0.29322,00000000
6.811,1953,2108,889.024,-134.207,-0.29322,00000000
6.827,1957,2113,890.938,-134.787,-0.29512,00000000
6.843,1961,2117,892.640,-135.304,-0.29512,00000000
6.858,1966,2122,894.767,-135.951,-0.29512,00000000
6.874,1970,2127,896.680,-136.534,-0.29701,00000000
6.889,1975,2132,898.806,-137.185,-0.29701,00000000
6.905,1979,2137,900.718,-137.772,-0.29890,00000000
6.921,1984,2143,903.054,-138.495,-0.30079,00000000
6.936,1988,2148,904.964,-139.089,-0.30268,00000000
6.952,1993,2153,907.086,-139.752,-0.30268,00000000
6.967,1997,2158,908.995,-140.350,-0.30457,00000000
6.983,2002,2163,911.115,-141.016,-0.30457,00000000
6.999,2006,2167,912.812,-141.550,-0.30457,00000000
7.014,2011,2172,914.932,-142.216,-0.30457,00000000
7.030,2016,2177,917.053,-142.883,-0.30457,00000000
7.046,2020,2182,918.961,-143.485,-0.30647,00000000
7.061,2025,2187,921.080,-144.155,-0.30647,00000000
7.077,2029,2191,922.775,-144.692,-0.30647,00000000
7.092,2034,2196,924.895,-145.362,-0.30647,00000000
7.108,2038,2201,926.801,-145.968,-0.30836,00000000
7.124,2043,2205,928.708,-146.573,-0.30647,00000000
7.139,2047,2210,930.615,-147.178,-0.30836,00000000
7.155,2051,2215,932.521,-147.787,-0.31025,00000000
7.171,2056,2220,934.637,-148.466,-0.31025,00000000
7.186,2061,2226,936.965,-149.215,-0.31214,00000000
7.202,2065,2231,938.868,-149.831,-0.31403,00000000
7.217,2070,2236,940.982,-150.517,-0.31403,00000000
7.233,2074,2242,943.095,-151.208,-0.31782,00000000
7.249,2079,2247,945.207,-151.903,-0.31782,00000000
7.264,2083,2252,947.106,-152.530,-0.31971,00000000
7.280,2088,2257,949.217,-153.228,-0.31971,00000000
7.296,2093,2262,951.327,-153.927,-0.31971,00000000
7.311,2097,2266,953.015,-154.486,-0.31971,00000000
7.327,2102,2271,955.125,-155.184,-0.31971,00000000
7.342,2107,2276,957.235,-155.883,-0.31971,00000000
7.358,2111,2281,959.134,-156.513,-0.32160,00000000
7.374,2116,2286,961.243,-157.216,-0.32160,00000000
7.389,2120,2291,963.140,-157.850,-0.32349,00000000
7.405,2125,2295,965.038,-158.484,-0.32160,00000000
7.421,2129,2300,966.935,-159.118,-0.32349,00000000
7.436,2134,2305,969.042,-159.825,-0.32349,00000000
7.452,2138,2310,970.939,-160.463,-0.32538,00000000
7.467,2143,2314,972.835,-161.100,-0.32349,00000000
7.483,2147,2319,974.731,-161.738,-0.32538,00000000
7.499,2152,2324,976.837,-162.449,-0.32538,00000000
7.514,2156,2329,978.732,-163.090,-0.32728,00000000
7.530,2161,2334,980.837,-163.805,-0.32728,00000000
7.545,2166,2339,982.942,-164.519,-0.32728,00000000
7.561,2170,2343,984.626,-165.091,-0.32728,00000000
7.577,2175,2348,986.731,-165.805,-0.32728,00000000
7.592,2179,2353,988.624,-166.450,-0.32917,00000000
7.608,2184,2358,990.728,-167.169,-0.32917,00000000
7.624,2188,2363,992.620,-167.817,-0.33106,00000000
7.639,2193,2368,994.722,-168.540,-0.33106,00000000
7.655,2197,2373,996.614,-169.192,-0.33295,00000000
7.671,2202,2378,998.714,-169.918,-0.33295,00000000
7.686,2207,2383,1000.815,-170.645,-0.33295,00000000
7.702,2211,2387,1002.496,-171.226,-0.33295,00000000
7.717,2216,2392,1004.597,-171.953,-0.33295,00000000
7.733,2220,2397,1006.487,-172.608,-0.33484,00000000
7.749,2225,2402,1008.586,-173.339,-0.33484,00000000
7.764,2229,2407,1010.475,-173.998,-0.33673,00000000
7.780,2234,2412,1012.573,-174.732,-0.33673,00000000
7.796,2239,2417,1014.671,-175.467,-0.33673,00000000
7.811,2243,2422,1016.558,-176.130,-0.33863,00000000
7.827,2247,2426,1018.236,-176.720,-0.33863,00000000
7.842,2252,2431,1020.332,-177.459,-0.33863,00000000
7.858,2257,2436,1022.429,-178.197,-0.33863,00000000
7.874,2262,2441,1024.525,-178.935,-0.33863,00000000
7.889,2267,2446,1026.622,-179.674,-0.33863,00000000
7.905,2272,2451,1028.719,-180.412,-0.33863,00000000
7.920,2277,2456,1030.815,-181.151,-0.33863,00000000
7.936,2281,2461,1032.702,-181.817,-0.34052,00000010
7.952,2285,2465,1034.378,-182.411,-0.34052,00000010
7.967,2289,2470,1036.263,-183.081,-0.34241,00000010
7.983,2291,2472,1037.100,-183.379,-0.34241,00000010
7.999,2289,2470,1036.263,-183.081,-0.34241,00000010
8.014,2286,2466,1034.797,-182.560,-0.34052,00000010
8.030,2283,2464,1033.749,-182.188,-0.34241,00000010
8.046,2280,2460,1032.283,-181.667,-0.34052,00000010
8.061,2278,2456,1031.025,-181.224,-0.33673,00000010
8.077,2275,2452,1029.556,-180.711,-0.33484,00000000
8.092,2271,2448,1027.877,-180.126,-0.33484,00000000
8.108,2268,2444,1026.407,-179.616,-0.33295,00000000
8.124,2265,2440,1024.936,-179.109,-0.33106,00000000
8.139,2261,2436,1023.254,-178.531,-0.33106,00000000
8.155,2257,2432,1021.572,-177.953,-0.33106,00000000
8.171,2253,2428,1019.891,-177.375,-0.33106,00000000
8.186,2250,2425,1018.629,-176.942,-0.33106,00000000
8.202,2246,2421,1016.948,-176.364,-0.33106,00000000
8.217,2243,2417,1015.476,-175.859,-0.32917,00000000
8.233,2239,2413,1013.793,-175.285,-0.32917,00000000
8.249,2235,2409,1012.110,-174.710,-0.32917,00000000
8.264,2232,2405,1010.637,-174.208,-0.32728,00000000
8.280,2228,2400,1008.742,-173.567,-0.32538,00000000
8.296,2224,2396,1007.057,-172.998,-0.32538,00000000
8.311,2220,2392,1005.372,-172.430,-0.32538,00000000
8.327,2217,2388,1003.897,-171.934,-0.32349,00000000
8.342,2213,2384,1002.211,-171.369,-0.32349,00000000
8.358,2209,2380,1000.525,-170.803,-0.32349,00000000
8.374,2207,2376,999.260,-170.382,-0.31971,00000000
8.389,2207,2372,998.415,-170.106,-0.31214,00000000
8.405,2208,2369,997.991,-169.971,-0.30457,00000000
8.420,2210,2365,997.566,-169.840,-0.29322,00000000
8.436,2213,2361,997.353,-169.777,-0.27998,00000000
8.452,2216,2358,997.353,-169.777,-0.26863,00000000
8.467,2220,2355,997.568,-169.834,-0.25539,00000000
8.483,2223,2352,997.568,-169.834,-0.24404,00000000
8.499,2227,2349,997.784,-169.887,-0.23080,00000000
8.514,2230,2347,998.001,-169.937,-0.22134,00000000
8.530,2233,2344,998.001,-169.937,-0.20999,00000000
8.546,2237,2341,998.218,-169.981,-0.19674,00000000
8.561,2239,2337,997.782,-169.897,-0.18539,00000000
8.577,2242,2334,997.782,-169.897,-0.17404,00000000
8.592,2245,2330,997.563,-169.860,-0.16080,00000000
8.608,2247,2327,997.343,-169.825,-0.15134,00000000
8.624,2251,2323,997.343,-169.825,-0.13621,00000000
8.639,2254,2319,997.123,-169.797,-0.12296,00000000
8.655,2257,2315,996.902,-169.771,-0.10972,00000000
8.671,2260,2312,996.902,-169.771,-0.09837,00000000
8.686,2263,2308,996.681,-169.751,-0.08513,00000000
8.702,2266,2305,996.681,-169.751,-0.07378,00000000
8.717,2269,2302,996.681,-169.751,-0.06243,00000000
8.733,2271,2299,996.459,-169.738,-0.05297,00000000
8.749,2275,2296,996.681,-169.748,-0.03973,00000000
8.764,2278,2293,996.681,-169.748,-0.02838,00000000
8.780,2281,2290,996.681,-169.748,-0.01703,00000000
8.795,2284,2287,996.681,-169.748,-0.00568,00000000
8.811,2287,2284,996.681,-169.748,0.00568,00000000
8.827,2289,2281,996.458,-169.750,0.01513,00000000
8.842,2292,2278,996.458,-169.750,0.02648,00000000
8.858,2295,2274,996.236,-169.758,0.03973,00000000
8.874,2298,2271,996.236,-169.758,0.05108,00000000
8.889,2301,2268,996.236,-169.758,0.06243,00000000
8.905,2304,2264,996.015,-169.773,0.07567,00000000
8.921,2306,2261,995.793,-169.791,0.08513,00000000
8.936,2309,2257,995.572,-169.811,0.09837,00000000
8.952,2312,2254,995.572,-169.811,0.10972,00000000
8.967,2315,2250,995.351,-169.837,0.12296,00000000
8.983,2318,2247,995.351,-169.837,0.13432,00000000
8.999,2321,2244,995.351,-169.837,0.14567,00000000
9.014,2323,2240,994.911,-169.904,0.15702,00000000
9.030,2326,2236,994.692,-169.940,0.17026,00000000
9.045,2329,2233,994.692,-169.940,0.18161,00000000
9.061,2332,2230,994.692,-169.940,0.19296,00000000
9.077,2335,2227,994.692,-169.940,0.20431,00000000
9.092,2337,2224,994.475,-169.986,0.21377,00000000
9.108,2340,2221,994.475,-169.986,0.22512,00000000
9.124,2343,2219,994.691,-169.936,0.23458,00000000
9.139,2346,2222,995.988,-169.626,0.23458,00000000
9.155,2349,2227,997.719,-169.216,0.23080,00000000
9.170,2352,2232,999.450,-168.812,0.22701,00000000
9.186,2355,2238,1001.401,-168.368,0.22134,00000000
9.202,2359,2244,1003.570,-167.884,0.21755,00000000
9.217,2363,2251,1005.959,-167.363,0.21188,00000000
9.233,2367,2258,1008.351,-166.855,0.20620,00000000
9.249,2370,2265,1010.529,-166.408,0.19864,00000000
9.264,2374,2272,1012.927,-165.933,0.19296,00000000
9.280,2378,2278,1015.109,-165.511,0.18918,00000000
9.295,2382,2285,1017.512,-165.058,0.18350,00000000
9.311,2386,2291,1019.698,-164.656,0.17972,00000000
9.327,2390,2296,1021.667,-164.300,0.17783,00000000
9.342,2394,2302,1023.856,-163.911,0.17404,00000000
9.358,2398,2307,1025.826,-163.567,0.17215,00000000
9.374,2402,2313,1028.017,-163.190,0.16837,00000000
9.389,2406,2318,1029.990,-162.857,0.16648,00000000
9.405,2411,2324,1032.401,-162.454,0.16458,00000000
9.421,2415,2330,1034.595,-162.094,0.16080,00000000
9.436,2419,2336,1036.790,-161.742,0.15702,00000000
9.452,2423,2342,1038.986,-161.399,0.15323,00000000
9.467,2427,2348,1041.183,-161.063,0.14945,00000000
9.483,2431,2353,1043.162,-160.768,0.14756,00000000
9.499,2435,2358,1045.141,-160.475,0.14567,00000000
9.514,2438,2364,1047.121,-160.190,0.13999,00000000
9.530,2442,2369,1049.102,-159.913,0.13810,00000000
9.545,2446,2375,1051.304,-159.611,0.13432,00000000
9.561,2450,2380,1053.287,-159.345,0.13242,00000000
9.577,2453,2385,1055.050,-159.114,0.12864,00000000
9.592,2457,2391,1057.255,-158.833,0.12486,00000000
9.608,2460,2397,1059.241,-158.589,0.11918,00000000
9.624,2464,2403,1061.448,-158.329,0.11540,00000010
9.639,2467,2409,1063.436,-158.105,0.10972,00000010
9.655,2471,2414,1065.425,-157.887,0.10783,00000010
9.670,2471,2417,1066.088,-157.818,0.10216,00000010
9.686,2468,2414,1064.761,-157.954,0.10216,00000010
9.702,2465,2411,1063.435,-158.090,0.10216,00000010
9.717,2463,2407,1062.108,-158.228,0.10594,00000010
9.733,2461,2403,1060.782,-158.372,0.10972,00000010
9.749,2458,2399,1059.236,-158.543,0.11161,00000010
9.764,2455,2394,1057.469,-158.745,0.11540,00000000
9.780,2451,2390,1055.703,-158.950,0.11540,00000000
9.796,2447,2385,1053.716,-159.182,0.11729,00000000
9.811,2444,2380,1051.950,-159.393,0.12107,00000000
9.827,2440,2376,1050.185,-159.608,0.12107,00000000
9.842,2436,2372,1048.419,-159.823,0.12107,00000000
9.858,2433,2368,1046.875,-160.012,0.12296,00000000
9.874,2429,2364,1045.110,-160.230,0.12296,00000000
9.889,2426,2360,1043.566,-160.423,0.12486,00000000
9.905,2422,2356,1041.802,-160.644,0.12486,00000000
9.921,2419,2352,1040.258,-160.839,0.12675,00000000
9.936,2415,2348,1038.494,-161.064,0.12675,00000000
9.952,2411,2344,1036.730,-161.289,0.12675,00000000
9.967,2408,2340,1035.187,-161.487,0.12864,00000000
9.983,2405,2336,1033.644,-161.688,0.13053,00000000
9.999,2402,2332,1032.101,-161.892,0.13242,00000000
10.014,2398,2328,1030.339,-162.127,0.13242,00000000
10.030,2394,2324,1028.576,-162.362,0.13242,00000000
10.045,2393,2320,1027.475,-162.512,0.13810,00000000
10.061,2394,2316,1026.815,-162.606,0.14756,00000000
10.077,2395,2313,1026.375,-162.673,0.15512,00000000
10.092,2395,2310,1025.717,-162.778,0.16080,00000000
10.108,2399,2306,1025.717,-162.778,0.17593,00000000
10.124,2403,2303,1025.935,-162.738,0.18918,00000000
10.139,2407,2299,1025.935,-162.738,0.20431,00000000
10.155,2410,2296,1025.935,-162.738,0.21566,00000000
10.171,2413,2293,1025.935,-162.738,0.22701,00000000
10.186,2416,2290,1025.935,-162.738,0.23836,00000000
10.202,2420,2287,1026.151,-162.684,0.25160,00000000
10.217,2423,2284,1026.151,-162.684,0.26296,00000000
10.233,2426,2281,1026.151,-162.684,0.27431,00000000
10.249,2429,2278,1026.151,-162.684,0.28566,00000000
10.264,2431,2275,1025.938,-162.748,0.29512,00000000
10.280,2434,2272,1025.938,-162.748,0.30647,00000000
10.296,2437,2268,1025.726,-162.816,0.31971,00000000
10.311,2439,2265,1025.516,-162.887,0.32917,00000000
10.327,2442,2262,1025.516,-162.887,0.34052,00000000
10.342,2445,2258,1025.307,-162.963,0.35376,00000000
10.358,2449,2255,1025.515,-162.884,0.36700,00000000
10.374,2452,2251,1025.308,-162.965,0.38024,00000000
10.389,2455,2248,1025.308,-162.965,0.39160,00000000
10.405,2458,2245,1025.308,-162.965,0.40295,00000000
10.420,2460,2242,1025.104,-163.054,0.41240,00000000
10.436,2463,2238,1024.901,-163.144,0.42565,00000000
10.452,2466,2235,1024.901,-163.144,0.43700,00000000
10.467,2469,2231,1024.700,-163.239,0.45024,00000000
10.483,2472,2228,1024.700,-163.239,0.46159,00000000
10.499,2475,2224,1024.501,-163.340,0.47483,00000000
10.514,2478,2221,1024.501,-163.340,0.48618,00000000
10.530,2480,2217,1024.110,-163.550,0.49753,00000000
10.545,2483,2214,1024.110,-163.550,0.50889,00000000
10.561,2486,2210,1023.916,-163.659,0.52213,00000000
10.577,2489,2207,1023.916,-163.659,0.53348,00000000
10.592,2492,2204,1023.916,-163.659,0.54483,00000000
10.608,2495,2201,1023.916,-163.659,0.55618,00000000
10.624,2498,2198,1023.916,-163.659,0.56753,00000000
10.639,2500,2195,1023.729,-163.780,0.57699,00000000
10.655,2503,2191,1023.544,-163.902,0.59023,00000000
10.671,2506,2188,1023.544,-163.902,0.60158,00000000
10.686,2509,2185,1023.544,-163.902,0.61293,00000000
10.702,2512,2182,1023.544,-163.902,0.62428,00000000
10.717,2514,2179,1023.364,-164.033,0.63374,00000000
10.733,2517,2176,1023.364,-164.033,0.64509,00000000
10.749,2520,2173,1023.364,-164.033,0.65644,00000000
10.764,2523,2170,1023.364,-164.033,0.66779,00000000
10.780,2526,2166,1023.190,-164.172,0.68104,00000000
10.795,2529,2164,1023.362,-164.031,0.69049,00000000
10.811,2532,2167,1024.391,-163.181,0.69049,00000000
10.827,2535,2172,1025.764,-162.051,0.68671,00000000
10.842,2539,2177,1027.312,-160.785,0.68482,00000000
10.858,2542,2182,1028.691,-159.662,0.68104,00000000
10.874,2546,2188,1030.421,-158.266,0.67725,00000000
10.889,2549,2194,1031.984,-157.017,0.67158,00000000
10.905,2553,2201,1033.902,-155.501,0.66590,00000000
10.920,2557,2207,1035.653,-154.131,0.66212,00000000
10.936,2561,2214,1037.585,-152.633,0.65644,00000000
10.952,2565,2220,1039.349,-151.280,0.65266,00000000
10.967,2569,2226,1041.117,-149.934,0.64888,00000000
10.983,2573,2232,1042.891,-148.594,0.64509,00000000
10.999,2577,2237,1044.490,-147.392,0.64320,00000000
11.014,2581,2243,1046.272,-146.063,0.63942,00000000
11.030,2585,2249,1048.058,-144.739,0.63563,00000000
11.046,2589,2254,1049.669,-143.553,0.63374,00000000
11.061,2594,2260,1051.641,-142.107,0.63185,00000000
11.077,2598,2266,1053.437,-140.798,0.62807,00000000
11.092,2601,2272,1055.059,-139.627,0.62239,00000000
11.108,2605,2277,1056.685,-138.462,0.62050,00000000
11.124,2609,2283,1058.496,-137.173,0.61672,00000000
11.139,2613,2289,1060.312,-135.891,0.61293,00000000
11.155,2616,2294,1061.768,-134.871,0.60915,00000000
11.171,2620,2300,1063.594,-133.602,0.60537,00000000
11.186,2624,2306,1065.424,-132.341,0.60158,00000000
11.202,2627,2311,1066.892,-131.337,0.59780,00000000
11.218,2631,2317,1068.732,-130.090,0.59401,00000000
11.233,2634,2323,1070.393,-128.975,0.58834,00000000
11.249,2638,2329,1072.244,-127.745,0.58456,00000000
11.264,2642,2335,1074.100,-126.522,0.58077,00000000
11.280,2645,2341,1075.776,-125.429,0.57510,00000000
11.295,2649,2347,1077.643,-124.223,0.57131,00000000
11.311,2652,2353,1079.329,-123.146,0.56564,00000000
11.327,2656,2359,1081.208,-121.958,0.56185,00000000
11.342,2660,2364,1082.902,-120.894,0.55996,00000000
11.358,2664,2370,1084.788,-119.717,0.55618,00000000
11.374,2668,2376,1086.678,-118.547,0.55240,00000000
11.389,2672,2381,1088.382,-117.499,0.55050,00000000
11.405,2676,2386,1090.088,-116.454,0.54861,00000000
11.421,2680,2392,1091.987,-115.298,0.54483,00000000
11.436,2684,2398,1093.890,-114.150,0.54105,00000000
11.452,2688,2404,1095.797,-113.009,0.53726,00000000
11.467,2691,2410,1097.519,-111.990,0.53159,00000000
11.483,2695,2416,1099.437,-110.867,0.52780,00000000
11.499,2699,2422,1101.359,-109.751,0.52402,00000000
11.514,2703,2428,1103.286,-108.642,0.52024,00000000
11.530,2707,2434,1105.217,-107.541,0.51645,00000000
11.546,2711,2441,1107.347,-106.340,0.51078,00000000
11.561,2715,2447,1109.288,-105.257,0.50699,00000000
11.577,2719,2453,1111.233,-104.181,0.50321,00000000
11.592,2722,2459,1112.988,-103.221,0.49753,00000000
11.608,2726,2464,1114.747,-102.268,0.49564,00000000
11.624,2730,2470,1116.704,-101.215,0.49186,00000010
11.639,2733,2476,1118.471,-100.275,0.48618,00000010
11.655,2737,2481,1120.240,-99.342,0.48429,00000010
11.670,2737,2483,1120.634,-99.136,0.48051,00000010
11.686,2735,2481,1119.846,-99.547,0.48051,00000010
11.702,2732,2478,1118.663,-100.163,0.48051,00000010
11.717,2730,2475,1117.678,-100.678,0.48240,00000010
11.733,2727,2471,1116.300,-101.401,0.48429,00000010
11.749,2724,2467,1114.924,-102.127,0.48618,00000010
11.764,2720,2461,1112.960,-103.169,0.48997,00000000
11.780,2716,2455,1111.001,-104.219,0.49375,00000000
11.795,2712,2450,1109.240,-105.168,0.49564,00000000
11.811,2708,2444,1107.287,-106.229,0.49943,00000000
11.827,2704,2439,1105.532,-107.189,0.50132,00000000
11.842,2700,2434,1103.778,-108.152,0.50321,00000000
11.858,2697,2429,1102.222,-109.013,0.50699,00000000
11.874,2693,2424,1100.474,-109.986,0.50889,00000000
11.889,2689,2420,1098.921,-110.852,0.50889,00000000
11.905,2685,2416,1097.368,-111.718,0.50889,00000000
11.921,2681,2412,1095.815,-112.585,0.50889,00000000
11.936,2677,2408,1094.262,-113.451,0.50889,00000000
11.952,2674,2404,1092.904,-114.211,0.51078,00000000
11.967,2671,2400,1091.548,-114.972,0.51267,00000000
11.983,2667,2396,1089.998,-115.845,0.51267,00000000
11.999,2664,2392,1088.643,-116.609,0.51456,00000000
12.014,2660,2388,1087.095,-117.484,0.51456,00000000
12.030,2657,2385,1085.934,-118.141,0.51456,00000000
12.045,2656,2381,1084.968,-118.691,0.52024,00000000
12.061,2657,2378,1084.583,-118.913,0.52780,00000000
12.077,2658,2374,1084.008,-119.252,0.53726,00000000
12.092,2659,2371,1083.627,-119.480,0.54483,00000000
12.108,2662,2368,1083.627,-119.480,0.55618,00000000
12.124,2665,2365,1083.627,-119.480,0.56753,00000000
12.139,2669,2362,1083.814,-119.360,0.58077,00000000
12.155,2672,2358,1083.629,-119.483,0.59401,00000000
12.170,2675,2355,1083.629,-119.483,0.60537,00000000
12.186,2678,2352,1083.629,-119.483,0.61672,00000000
12.202,2681,2349,1083.629,-119.483,0.62807,00000000
12.217,2685,2346,1083.808,-119.351,0.64131,00000000
12.233,2688,2343,1083.808,-119.351,0.65266,00000000
12.249,2690,2340,1083.632,-119.487,0.66212,00000000
12.264,2693,2337,1083.632,-119.487,0.67347,00000000
12.280,2697,2334,1083.805,-119.347,0.68671,00000000
12.296,2700,2331,1083.805,-119.347,0.69806,00000000
12.311,2703,2327,1083.636,-119.491,0.71130,00000000
12.327,2706,2324,1083.636,-119.491,0.72265,00000000
12.342,2710,2321,1083.801,-119.343,0.73590,00000000
12.358,2713,2317,1083.638,-119.493,0.74914,00000000
12.374,2716,2314,1083.638,-119.493,0.76049,00000000
12.389,2719,2310,1083.478,-119.648,0.77373,00000000
12.405,2722,2307,1083.478,-119.648,0.78508,00000000
12.421,2725,2304,1083.478,-119.648,0.79643,00000000
12.436,2728,2300,1083.323,-119.808,0.80968,00000000
12.452,2731,2297,1083.323,-119.808,0.82103,00000000
12.467,2734,2294,1083.323,-119.808,0.83238,00000000
12.483,2738,2290,1083.323,-119.808,0.84751,00000000
12.499,2741,2287,1083.323,-119.808,0.85886,00000000
12.514,2744,2283,1083.179,-119.977,0.87210,00000000
12.530,2746,2280,1083.037,-120.148,0.88156,00000000
12.546,2749,2276,1082.897,-120.320,0.89481,00000000
12.561,2752,2273,1082.897,-120.320,0.90616,00000000
12.577,2755,2269,1082.761,-120.496,0.91940,00000000
12.592,2758,2266,1082.761,-120.496,0.93075,00000000
12.608,2760,2262,1082.497,-120.854,0.94210,00000000
12.623,2763,2259,1082.497,-120.854,0.95345,00000000
12.639,2766,2255,1082.370,-121.036,0.96669,00000000
12.655,2768,2252,1082.244,-121.220,0.97615,00000000
12.671,2771,2248,1082.121,-121.405,0.98939,00000000
12.686,2774,2245,1082.121,-121.405,1.00074,00000000
12.702,2777,2241,1082.002,-121.593,1.01399,00000000
12.717,2780,2238,1082.002,-121.593,1.02534,00000000
12.733,2783,2234,1081.888,-121.783,1.03858,00000000
12.749,2786,2231,1081.888,-121.783,1.04993,00000000
12.764,2789,2227,1081.779,-121.977,1.06317,00000000
12.780,2792,2223,1081.672,-122.172,1.07641,00000000
12.795,2795,2222,1081.882,-121.780,1.08398,00000000
12.811,2799,2226,1082.714,-120.208,1.08398,00000000
12.827,2802,2231,1083.548,-118.638,1.08020,00000000
12.842,2805,2236,1084.389,-117.071,1.07641,00000000
12.858,2809,2242,1085.448,-115.116,1.07263,00000000
12.874,2813,2248,1086.513,-113.166,1.06885,00000000
12.889,2816,2255,1087.590,-111.221,1.06128,00000000
12.905,2820,2262,1088.789,-109.090,1.05561,00000000
12.920,2824,2269,1090.000,-106.966,1.04993,00000000
12.936,2827,2276,1091.113,-105.042,1.04236,00000000
12.952,2831,2283,1092.352,-102.934,1.03669,00000000
12.967,2835,2289,1093.487,-101.023,1.03290,00000000
12.983,2839,2295,1094.629,-99.116,1.02912,00000000
12.999,2843,2301,1095.779,-97.213,1.02534,00000000
13.014,2847,2307,1096.936,-95.315,1.02155,00000000
13.030,2851,2312,1097.982,-93.610,1.01966,00000000
13.045,2855,2318,1099.149,-91.719,1.01588,00000000
13.061,2859,2324,1100.324,-89.832,1.01209,00000000
13.077,2863,2329,1101.386,-88.136,1.01020,00000000
13.092,2867,2335,1102.572,-86.256,1.00642,00000000
13.108,2872,2341,1103.881,-84.191,1.00453,00000000
13.124,2876,2346,1104.956,-82.504,1.00264,00000000
13.139,2880,2352,1106.156,-80.633,0.99885,00000000
13.155,2884,2358,1107.363,-78.766,0.99507,00000000
13.170,2888,2364,1108.576,-76.904,0.99129,00000000
13.186,2892,2370,1109.797,-75.046,0.98750,00000000
13.202,2896,2376,1111.025,-73.193,0.98372,00000000
13.217,2899,2381,1112.013,-71.714,0.97993,00000000
13.233,2903,2387,1113.254,-69.871,0.97615,00000000
13.249,2907,2393,1114.503,-68.032,0.97237,00000000
13.264,2912,2399,1115.883,-66.013,0.97048,00000000
13.280,2916,2404,1117.014,-64.363,0.96858,00000000
13.296,2920,2410,1118.277,-62.534,0.96480,00000000
13.311,2924,2416,1119.546,-60.709,0.96102,00000000
13.327,2927,2421,1120.568,-59.253,0.95723,00000000
13.342,2931,2427,1121.851,-57.438,0.95345,00000000
13.358,2934,2433,1123.014,-55.810,0.94777,00000000
13.374,2938,2439,1124.314,-54.008,0.94399,00000000
13.389,2942,2445,1125.621,-52.210,0.94021,00000000
13.405,2946,2451,1126.935,-50.417,0.93642,00000000
13.420,2951,2457,1128.386,-48.449,0.93453,00000000
13.436,2955,2462,1129.576,-46.841,0.93264,00000000
13.452,2958,2468,1130.773,-45.238,0.92697,00000000
13.467,2962,2474,1132.110,-43.462,0.92318,00000000
13.483,2966,2480,1133.455,-41.692,0.91940,00000000
13.498,2970,2486,1134.806,-39.927,0.91561,00000000
13.514,2974,2492,1136.163,-38.167,0.91183,00000000
13.530,2978,2498,1137.528,-36.412,0.90805,00000000
13.545,2982,2504,1138.899,-34.662,0.90426,00000000
13.561,2986,2509,1140.137,-33.091,0.90237,00000000
13.577,2990,2515,1141.518,-31.349,0.89859,00000000
13.592,2994,2521,1142.906,-29.613,0.89481,00000000
13.608,2998,2527,1144.300,-27.881,0.89102,00000000
13.624,3002,2533,1145.700,-26.155,0.88724,00000000
13.639,3006,2538,1146.965,-24.605,0.88535,00000000
13.655,3010,2544,1148.375,-22.887,0.88156,00000000
13.671,3014,2550,1149.792,-21.175,0.87778,00000000
13.686,3018,2556,1151.216,-19.467,0.87400,00000000
13.702,3022,2562,1152.645,-17.765,0.87021,00000000
13.717,3026,2568,1154.081,-16.069,0.86643,00000000
13.733,3029,2573,1155.236,-14.716,0.86265,00000000
13.749,3033,2579,1156.685,-13.030,0.85886,00000000
13.764,3037,2585,1158.140,-11.350,0.85508,00000000
13.780,3040,2591,1159.457,-9.844,0.84940,00000000
13.795,3043,2597,1160.782,-8.346,0.84373,00000000
13.811,3047,2602,1162.113,-6.852,0.84184,00000000
13.827,3050,2608,1163.450,-5.364,0.83616,00000000
13.842,3054,2614,1164.943,-3.717,0.83238,00000000
13.858,3057,2620,1166.294,-2.242,0.82670,00000000
13.873,3061,2626,1167.803,-0.609,0.82292,00000000
13.889,3065,2631,1169.165,0.856,0.82103,00000000
13.905,3068,2637,1170.532,2.316,0.81535,00000000
13.920,3072,2643,1172.059,3.932,0.81157,00000000
13.936,3076,2649,1173.592,5.541,0.80778,00000000
13.952,3080,2655,1175.132,7.145,0.80400,00000000
13.967,3084,2661,1176.677,8.743,0.80022,00000000
13.983,3088,2667,1178.228,10.335,0.79643,00000000
13.999,3092,2673,1179.786,11.921,0.79265,00000000
14.014,3095,2678,1181.036,13.185,0.78887,00000000
14.030,3099,2684,1182.605,14.759,0.78508,00000000
14.045,3102,2690,1184.025,16.169,0.77941,00000000
14.061,3106,2696,1185.609,17.729,0.77562,00000000
14.077,3110,2702,1187.199,19.282,0.77184,00000000
14.092,3114,2708,1188.795,20.829,0.76806,00000000
14.108,3118,2714,1190.396,22.370,0.76427,00000000
14.124,3122,2719,1191.842,23.753,0.76238,00000000
14.139,3126,2725,1193.452,25.286,0.75860,00000000
14.155,3130,2731,1195.068,26.812,0.75481,00000000
14.170,3133,2737,1196.529,28.178,0.74914,00000000
14.186,3137,2743,1198.160,29.689,0.74536,00000000
14.202,3140,2749,1199.634,31.042,0.73968,00000000
14.217,3144,2755,1201.279,32.537,0.73590,00000000
14.233,3147,2760,1202.599,33.728,0.73211,00000000
14.249,3151,2766,1204.255,35.211,0.72833,00000000
14.264,3155,2772,1205.917,36.687,0.72455,00000000
14.280,3158,2778,1207.419,38.009,0.71887,00000000
14.295,3162,2784,1209.094,39.469,0.71509,00000000
14.311,3165,2789,1210.439,40.633,0.71130,00000000
14.327,3168,2795,1211.958,41.934,0.70563,00000000
14.342,3172,2801,1213.653,43.373,0.70185,00000000
14.358,3176,2807,1215.353,44.805,0.69806,00000000
14.374,3180,2812,1216.887,46.089,0.69617,00000000
14.389,3184,2818,1218.595,47.511,0.69239,00000000
14.405,3188,2824,1220.309,48.927,0.68860,00000000
14.420,3192,2830,1222.028,50.336,0.68482,00000000
14.436,3196,2836,1223.752,51.739,0.68104,00000000
14.452,3200,2842,1225.482,53.135,0.67725,00000000
14.467,3203,2848,1227.044,54.384,0.67158,00000000
14.483,3207,2854,1228.787,55.764,0.66779,00000000
14.499,3211,2860,1230.535,57.137,0.66401,00000000
14.514,3215,2866,1232.288,58.504,0.66023,00000000
14.530,3219,2871,1233.869,59.729,0.65833,00000000
14.545,3222,2877,1235.455,60.949,0.65266,00000000
14.561,3226,2883,1237.224,62.295,0.64888,00000000
14.577,3230,2889,1238.997,63.635,0.64509,00000000
14.592,3234,2895,1240.776,64.969,0.64131,00000000
14.608,3238,2901,1242.560,66.295,0.63753,00000000
14.624,3242,2906,1244.168,67.484,0.63563,00000000
14.639,3246,2912,1245.960,68.800,0.63185,00000000
14.655,3249,2918,1247.577,69.977,0.62617,00000000
14.670,3253,2924,1249.381,71.277,0.62239,00000000
14.686,3257,2930,1251.189,72.569,0.61861,00000000
14.702,3261,2936,1253.003,73.855,0.61482,00000000
14.717,3265,2942,1254.821,75.133,0.61104,00000000
14.733,3268,2948,1256.463,76.277,0.60537,00000000
14.748,3272,2955,1258.477,77.662,0.59969,00000000
14.764,3276,2961,1260.314,78.913,0.59591,00000000
14.780,3280,2967,1262.157,80.157,0.59212,00000000
14.795,3284,2972,1263.818,81.272,0.59023,00000000
14.811,3288,2978,1265.667,82.506,0.58645,00000000
14.827,3292,2984,1267.520,83.733,0.58266,00000000
14.842,3296,2989,1269.192,84.832,0.58077,00000000
14.858,3299,2995,1270.868,85.925,0.57510,00000000
14.874,3303,3001,1272.735,87.130,0.57131,00000000
14.889,3307,3007,1274.607,88.329,0.56753,00000000
14.905,3311,3013,1276.484,89.520,0.56375,00000000
14.920,3315,3019,1278.365,90.704,0.55996,00000000
14.936,3319,3025,1280.250,91.881,0.55618,00000000
14.952,3322,3031,1281.952,92.933,0.55050,00000000
14.967,3326,3037,1283.849,94.092,0.54672,00000000
14.983,3330,3043,1285.750,95.244,0.54294,00000000
14.999,3334,3049,1287.655,96.389,0.53915,00000000
15.014,3338,3055,1289.565,97.526,0.53537,00000000
15.030,3342,3060,1291.287,98.545,0.53348,00000000
15.045,3345,3066,1293.012,99.558,0.52780,00000000
15.061,3349,3072,1294.935,100.674,0.52402,00000000
15.077,3353,3077,1296.668,101.673,0.52213,00000000
15.092,3357,3084,1298.790,102.886,0.51645,00000000
15.108,3360,3090,1300.533,103.869,0.51078,00000000
15.123,3364,3096,1302.474,104.952,0.50699,00000000
15.139,3368,3102,1304.419,106.028,0.50321,00000000
15.155,3372,3108,1306.368,107.096,0.49943,00000000
15.170,3376,3114,1308.322,108.157,0.49564,00000000
15.186,3380,3120,1310.279,109.210,0.49186,00000000
15.202,3384,3125,1312.043,110.154,0.48997,00000000
15.217,3387,3131,1313.811,111.090,0.48429,00000000
15.233,3391,3137,1315.780,112.121,0.48051,00000000
15.249,3395,3143,1317.753,113.145,0.47673,00000000
15.264,3399,3149,1319.730,114.161,0.47294,00000000
15.280,3403,3155,1321.711,115.170,0.46916,00000000
15.295,3407,3161,1323.696,116.171,0.46537,00000000
15.311,3410,3167,1325.486,117.064,0.45970,00000000
15.327,3414,3173,1327.480,118.046,0.45592,00000000
15.342,3418,3179,1329.478,119.021,0.45213,00000000
15.358,3422,3184,1331.278,119.894,0.45024,00000000
15.374,3426,3190,1333.281,120.857,0.44646,00000000
15.389,3430,3195,1335.086,121.719,0.44456,00000000
15.405,3434,3201,1337.095,122.671,0.44078,00000000
15.420,3438,3207,1339.107,123.616,0.43700,00000000
15.436,3442,3213,1341.123,124.553,0.43321,00000000
15.452,3446,3219,1343.142,125.482,0.42943,00000000
15.467,3449,3225,1344.963,126.310,0.42376,00000000
15.483,3453,3231,1346.991,127.220,0.41997,00000000
15.498,3457,3237,1349.023,128.123,0.41619,00000000
15.514,3461,3243,1351.057,129.017,0.41240,00000000
15.530,3465,3249,1353.095,129.904,0.40862,00000000
15.545,3469,3255,1355.137,130.784,0.40484,00000000
15.561,3473,3261,1357.182,131.655,0.40105,00000000
15.577,3477,3266,1359.024,132.435,0.39916,00000000
15.592,3481,3272,1361.074,133.295,0.39538,00000000
15.608,3484,3278,1362.922,134.060,0.38970,00000000
15.623,3487,3283,1364.569,134.732,0.38592,00000000
15.639,3491,3289,1366.630,135.565,0.38214,00000000
15.655,3494,3294,1368.281,136.225,0.37835,00000000
15.670,3498,3300,1370.348,137.042,0.37457,00000000
15.686,3501,3306,1372.212,137.769,0.36889,00000000
15.702,3505,3311,1374.078,138.489,0.36700,00000000
15.717,3509,3317,1376.155,139.282,0.36322,00000000
15.733,3513,3322,1378.025,139.991,0.36133,00000000
15.749,3517,3328,1380.106,140.773,0.35754,00000000
15.764,3520,3335,1382.191,141.543,0.34998,00000000
15.780,3524,3341,1384.281,142.301,0.34619,00000000
15.796,3528,3346,1386.163,142.978,0.34430,00000010
15.811,3532,3352,1388.257,143.725,0.34052,00000010
15.827,3535,3358,1390.145,144.388,0.33484,00000010
15.842,3536,3361,1390.985,144.678,0.33106,00000010
15.858,3534,3360,1390.354,144.462,0.32917,00000010
15.873,3531,3357,1389.092,144.031,0.32917,00000010
15.889,3529,3353,1387.831,143.597,0.33295,00000010
15.905,3526,3348,1386.151,143.013,0.33673,00000010
15.921,3523,3344,1384.683,142.498,0.33863,00000010
15.936,3520,3338,1382.798,141.828,0.34430,00000000
15.952,3516,3333,1380.916,141.151,0.34619,00000000
15.967,3512,3327,1378.826,140.392,0.34998,00000000
15.983,3508,3322,1376.948,139.705,0.35187,00000000
15.998,3504,3317,1375.070,139.013,0.35376,00000000
16.014,3501,3312,1373.403,138.394,0.35754,00000000
16.030,3497,3307,1371.530,137.692,0.35944,00000000
16.045,3493,3303,1369.865,137.067,0.35944,00000000
16.061,3489,3299,1368.201,136.441,0.35944,00000000
16.077,3485,3295,1366.536,135.816,0.35944,00000000
16.092,3482,3291,1365.080,135.267,0.36133,00000000
16.108,3478,3287,1363.417,134.638,0.36133,00000000
16.124,3475,3283,1361.962,134.087,0.36322,00000000
16.139,3471,3279,1360.299,133.455,0.36322,00000000
16.155,3468,3275,1358.845,132.901,0.36511,00000000
16.170,3464,3271,1357.184,132.266,0.36511,00000000
16.186,3461,3267,1355.732,131.709,0.36700,00000000
16.202,3457,3264,1354.279,131.152,0.36511,00000000
16.217,3453,3260,1352.618,130.517,0.36511,00000000
16.233,3452,3256,1351.581,130.118,0.37079,00000000
16.249,3453,3252,1350.960,129.873,0.38024,00000000
16.264,3454,3249,1350.548,129.706,0.38781,00000000
16.280,3454,3245,1349.726,129.367,0.39538,00000000
16.295,3457,3241,1349.522,129.280,0.40862,00000000
16.311,3460,3238,1349.522,129.280,0.41997,00000000
16.327,3464,3235,1349.724,129.372,0.43321,00000000
16.342,3468,3231,1349.724,129.372,0.44835,00000000
16.358,3471,3228,1349.724,129.372,0.45970,00000000
16.373,3475,3225,1349.923,129.472,0.47294,00000000
16.389,3478,3222,1349.923,129.472,0.48429,00000000
16.405,3481,3219,1349.923,129.472,0.49564,00000000
16.420,3484,3215,1349.728,129.365,0.50889,00000000
16.436,3487,3212,1349.728,129.365,0.52024,00000000
16.452,3490,3210,1349.920,129.476,0.52969,00000000
16.467,3493,3207,1349.920,129.476,0.54105,00000000
16.483,3495,3203,1349.540,129.245,0.55240,00000000
16.498,3499,3200,1349.729,129.363,0.56564,00000000
16.514,3502,3196,1349.542,129.243,0.57888,00000000
16.530,3505,3193,1349.542,129.243,0.59023,00000000
16.545,3507,3190,1349.358,129.118,0.59969,00000000
16.561,3511,3186,1349.358,129.118,0.61482,00000000
16.577,3514,3183,1349.358,129.118,0.62617,00000000
16.592,3517,3180,1349.358,129.118,0.63753,00000000
16.608,3520,3176,1349.180,128.985,0.65077,00000000
16.624,3523,3173,1349.180,128.985,0.66212,00000000
16.639,3526,3170,1349.180,128.985,0.67347,00000000
16.655,3529,3166,1349.007,128.845,0.68671,00000000
16.670,3531,3163,1348.836,128.703,0.69617,00000000
16.686,3534,3160,1348.836,128.703,0.70752,00000000
16.702,3538,3156,1348.836,128.703,0.72265,00000000
16.717,3540,3153,1348.670,128.555,0.73211,00000000
16.733,3543,3149,1348.506,128.406,0.74536,00000000
16.748,3546,3146,1348.506,128.406,0.75671,00000000
16.764,3549,3143,1348.506,128.406,0.76806,00000000
16.780,3552,3140,1348.506,128.406,0.77941,00000000
16.795,3555,3136,1348.349,128.248,0.79265,00000000
16.811,3558,3133,1348.349,128.248,0.80400,00000000
16.827,3561,3129,1348.195,128.087,0.81724,00000000
16.842,3564,3126,1348.195,128.087,0.82859,00000000
16.858,3567,3122,1348.046,127.923,0.84184,00000000
16.873,3570,3119,1348.046,127.923,0.85319,00000000
16.889,3573,3116,1348.046,127.923,0.86454,00000000
16.905,3575,3113,1347.903,127.753,0.87400,00000000
16.920,3579,3110,1348.044,127.924,0.88724,00000000
16.936,3582,3107,1348.044,127.924,0.89859,00000000
16.952,3585,3103,1347.907,127.749,0.91183,00000000
16.967,3588,3101,1348.042,127.926,0.92129,00000000
16.983,3591,3099,1348.176,128.103,0.93075,00000000
16.999,3594,3102,1348.972,129.173,0.93075,00000000
17.014,3598,3106,1350.034,130.599,0.93075,00000000
17.030,3602,3111,1351.231,132.203,0.92886,00000000
17.045,3605,3117,1352.433,133.802,0.92318,00000000
17.061,3609,3123,1353.777,135.572,0.91940,00000000
17.077,3612,3131,1355.269,137.509,0.90994,00000000
17.092,3616,3138,1356.775,139.435,0.90426,00000000
17.108,3620,3145,1358.293,141.353,0.89859,00000000
17.124,3624,3151,1359.680,143.089,0.89481,00000000
17.139,3628,3157,1361.074,144.821,0.89102,00000000
17.155,3632,3163,1362.475,146.547,0.88724,00000000
17.170,3636,3169,1363.882,148.268,0.88345,00000000
17.186,3640,3175,1365.295,149.983,0.87967,00000000
17.202,3644,3181,1366.715,151.693,0.87589,00000000
17.217,3648,3187,1368.142,153.398,0.87210,00000000
17.233,3652,3192,1369.430,154.928,0.87021,00000000
17.248,3656,3197,1370.721,156.457,0.86832,00000000
17.264,3660,3203,1372.161,158.150,0.86454,00000000
17.280,3664,3209,1373.606,159.839,0.86075,00000000
17.295,3668,3215,1375.059,161.522,0.85697,00000000
17.311,3672,3220,1376.370,163.033,0.85508,00000000
17.327,3676,3226,1377.832,164.707,0.85129,00000000
17.342,3680,3232,1379.300,166.376,0.84751,00000000
17.358,3683,3238,1380.628,167.872,0.84184,00000000
17.374,3687,3243,1381.962,169.363,0.83994,00000000
17.389,3691,3249,1383.449,171.015,0.83616,00000000
17.405,3695,3255,1384.942,172.662,0.83238,00000000
17.420,3700,3261,1386.589,174.469,0.83049,00000000
17.436,3704,3266,1387.940,175.944,0.82859,00000000
17.452,3708,3272,1389.446,177.580,0.82481,00000000
17.467,3712,3278,1390.957,179.209,0.82103,00000000
17.483,3716,3284,1392.475,180.833,0.81724,00000000
17.499,3719,3290,1393.848,182.288,0.81157,00000000
17.514,3723,3296,1395.381,183.898,0.80778,00000000
17.530,3727,3302,1396.921,185.501,0.80400,00000000
17.545,3731,3307,1398.310,186.941,0.80211,00000000
17.561,3735,3313,1399.858,188.536,0.79833,00000000
17.577,3739,3319,1401.413,190.125,0.79454,00000000
17.592,3743,3325,1402.973,191.708,0.79076,00000000
17.608,3747,3331,1404.539,193.285,0.78697,00000000
17.623,3751,3337,1406.112,194.856,0.78319,00000000
17.639,3755,3343,1407.690,196.422,0.77941,00000000
17.655,3759,3349,1409.274,197.981,0.77562,00000000
17.670,3763,3355,1410.864,199.534,0.77184,00000000
17.686,3767,3361,1412.460,201.082,0.76806,00000000
17.702,3771,3367,1414.062,202.623,0.76427,00000000
17.717,3775,3373,1415.669,204.158,0.76049,00000000
17.733,3779,3379,1417.282,205.687,0.75671,00000000
17.748,3783,3384,1418.738,207.059,0.75481,00000000
17.764,3787,3390,1420.360,208.579,0.75103,00000000
17.780,3790,3396,1421.827,209.940,0.74536,00000000
17.795,3794,3402,1423.463,211.445,0.74157,00000000
17.811,3799,3408,1425.267,213.094,0.73968,00000000
17.827,3802,3414,1426.749,214.439,0.73401,00000000
17.842,3806,3419,1428.236,215.777,0.73211,00000000
17.858,3810,3426,1430.059,217.407,0.72644,00000000
17.874,3814,3432,1431.723,218.880,0.72265,00000000
17.889,3818,3438,1433.393,220.347,0.71887,00000000
17.905,3822,3443,1434.900,221.663,0.71698,00000000
17.920,3826,3449,1436.578,223.120,0.71320,00000000
17.936,3829,3456,1438.265,224.568,0.70563,00000000
17.952,3833,3462,1439.960,226.007,0.70185,00000000
17.967,3837,3468,1441.660,227.438,0.69806,00000000
17.983,3841,3474,1443.365,228.864,0.69428,00000000
17.999,3845,3479,1444.904,230.142,0.69239,00000000
18.014,3849,3485,1446.618,231.558,0.68860,00000000
18.030,3853,3491,1448.337,232.967,0.68482,00000000
18.045,3857,3497,1450.061,234.370,0.68104,00000000
18.061,3860,3503,1451.619,235.625,0.67536,00000000
18.077,3864,3509,1453.356,237.012,0.67158,00000000
18.092,3868,3515,1455.099,238.392,0.66779,00000000
18.108,3872,3521,1456.847,239.765,0.66401,00000000
18.123,3876,3527,1458.600,241.131,0.66023,00000000
18.139,3879,3533,1460.184,242.354,0.65455,00000000
18.155,3883,3538,1461.772,243.570,0.65266,00000000
18.170,3887,3544,1463.541,244.917,0.64888,00000000
18.186,3891,3550,1465.314,246.257,0.64509,00000000
18.202,3895,3556,1467.093,247.590,0.64131,00000000
18.217,3899,3562,1468.876,248.916,0.63753,00000000
18.233,3903,3568,1470.665,250.236,0.63374,00000000
18.249,3907,3575,1472.640,251.678,0.62807,00000000
18.264,3911,3580,1474.259,252.852,0.62617,00000000
18.280,3915,3587,1476.245,254.279,0.62050,00000000
18.296,3918,3593,1477.876,255.438,0.61482,00000000
18.311,3922,3599,1479.694,256.717,0.61104,00000000
18.327,3926,3604,1481.333,257.863,0.60915,00000000
18.342,3930,3610,1483.159,259.131,0.60537,00000000
18.358,3934,3616,1484.989,260.393,0.60158,00000000
18.373,3938,3623,1487.009,261.771,0.59591,00000000
18.389,3942,3629,1488.851,263.015,0.59212,00000000
18.405,3946,3634,1490.512,264.130,0.59023,00000000
18.420,3949,3640,1492.177,265.239,0.58456,00000000
18.436,3953,3646,1494.033,266.462,0.58077,00000000
18.452,3957,3652,1495.894,267.678,0.57699,00000000
18.467,3961,3658,1497.759,268.887,0.57321,00000000
18.483,3965,3664,1499.629,270.089,0.56942,00000000
18.498,3969,3671,1501.692,271.401,0.56375,00000000
18.514,3973,3676,1503.384,272.469,0.56185,00000001
18.530,3976,3682,1505.080,273.530,0.55618,00000001
18.545,3979,3687,1506.592,274.466,0.55240,00000001
18.561,3981,3688,1507.159,274.816,0.55429,00000001
18.577,3979,3684,1506.027,274.112,0.55807,00000001
18.592,3975,3680,1504.518,273.170,0.55807,00000001
18.608,3972,3677,1503.387,272.464,0.55807,00000001
18.623,3970,3674,1502.445,271.875,0.55996,00000001
18.639,3967,3671,1501.315,271.166,0.55996,00000000
18.655,3964,3667,1499.997,270.338,0.56185,00000000
18.670,3960,3663,1498.492,269.391,0.56185,00000000
18.686,3957,3659,1497.176,268.561,0.56375,00000000
18.702,3953,3655,1495.673,267.611,0.56375,00000000
18.717,3949,3651,1494.170,266.660,0.56375,00000000
18.733,3946,3647,1492.856,265.828,0.56564,00000000
18.748,3942,3642,1491.168,264.754,0.56753,00000000
18.764,3938,3638,1489.668,263.798,0.56753,00000000
18.780,3935,3634,1488.357,262.960,0.56942,00000000
18.795,3931,3630,1486.859,262.002,0.56942,00000000
18.811,3928,3625,1485.363,261.040,0.57321,00000000
18.827,3924,3621,1483.869,260.076,0.57321,00000000
18.842,3920,3617,1482.375,259.111,0.57321,00000000
18.858,3917,3613,1481.069,258.266,0.57510,00000000
18.873,3913,3609,1479.577,257.299,0.57510,00000000
18.889,3910,3605,1478.272,256.451,0.57699,00000000
18.905,3906,3601,1476.781,255.481,0.57699,00000000
18.920,3902,3598,1475.476,254.634,0.57510,00000000
18.936,3899,3596,1474.543,254.030,0.57321,00000000
18.952,3895,3598,1474.168,253.791,0.56185,00000000
18.967,3892,3599,1473.791,253.556,0.55429,00000000
18.983,3889,3601,1473.602,253.440,0.54483,00000000
18.998,3886,3604,1473.602,253.440,0.53348,00000000
19.014,3883,3609,1473.986,253.663,0.51834,00000000
19.030,3880,3614,1474.374,253.880,0.50321,00000000
19.045,3877,3619,1474.765,254.092,0.48808,00000000
19.061,3875,3623,1475.159,254.298,0.47673,00000000
19.077,3872,3627,1475.357,254.398,0.46348,00000000
19.092,3869,3631,1475.557,254.497,0.45024,00000000
19.108,3867,3634,1475.757,254.592,0.44078,00000000
19.123,3864,3638,1475.959,254.686,0.42754,00000000
19.139,3861,3641,1475.959,254.686,0.41619,00000000
19.155,3858,3644,1475.959,254.686,0.40484,00000000
19.170,3855,3647,1475.959,254.686,0.39349,00000000
19.186,3852,3650,1475.959,254.686,0.38214,00000000
19.202,3850,3653,1476.165,254.768,0.37268,00000000
19.217,3847,3656,1476.165,254.768,0.36133,00000000
19.233,3844,3659,1476.165,254.768,0.34998,00000000
19.249,3841,3663,1476.375,254.843,0.33673,00000000
19.264,3838,3666,1476.375,254.843,0.32538,00000000
19.280,3835,3669,1476.375,254.843,0.31403,00000000
19.295,3832,3673,1476.587,254.910,0.30079,00000000
19.311,3829,3676,1476.587,254.910,0.28944,00000000
19.327,3826,3680,1476.800,254.972,0.27620,00000000
19.342,3823,3683,1476.800,254.972,0.26485,00000000
19.358,3820,3686,1476.800,254.972,0.25350,00000000
19.373,3818,3689,1477.016,255.027,0.24404,00000000
19.389,3815,3693,1477.232,255.079,0.23080,00000000
19.405,3812,3696,1477.232,255.079,0.21944,00000000
19.420,3809,3699,1477.232,255.079,0.20809,00000000
19.436,3806,3703,1477.449,255.123,0.19485,00000000
19.451,3803,3706,1477.449,255.123,0.18350,00000000
19.467,3800,3710,1477.668,255.162,0.17026,00000000
19.483,3798,3713,1477.887,255.199,0.16080,00000000
19.498,3795,3716,1477.887,255.199,0.14945,00000000
19.514,3792,3720,1478.107,255.231,0.13621,00000000
19.530,3789,3723,1478.107,255.231,0.12486,00000000
19.545,3786,3727,1478.328,255.257,0.11161,00000000
19.561,3783,3730,1478.328,255.257,0.10026,00000000
19.577,3781,3733,1478.549,255.278,0.09080,00000000
19.592,3778,3737,1478.771,255.297,0.07756,00000000
19.608,3775,3740,1478.771,255.297,0.06621,00000000
19.623,3772,3743,1478.771,255.297,0.05486,00000000
19.639,3769,3746,1478.771,255.297,0.04351,00000000
19.655,3766,3749,1478.771,255.297,0.03216,00000000
19.670,3764,3753,1479.215,255.309,0.02081,00000000
19.686,3767,3756,1480.549,255.336,0.02081,00000000
19.702,3770,3760,1482.104,255.367,0.01892,00000000
19.717,3775,3764,1484.105,255.407,0.02081,00000000
19.733,3780,3769,1486.327,255.453,0.02081,00000000
19.748,3786,3773,1488.549,255.504,0.02459,00000000
19.764,3792,3778,1490.993,255.566,0.02648,00000000
19.780,3798,3782,1493.215,255.629,0.03027,00000000
19.795,3804,3786,1495.437,255.701,0.03405,00000000
19.811,3810,3790,1497.658,255.781,0.03784,00000000
19.826,3815,3794,1499.657,255.858,0.03973,00000000
19.842,3821,3799,1502.101,255.958,0.04162,00000000
19.858,3826,3803,1504.099,256.043,0.04351,00000000
19.873,3831,3807,1506.098,256.132,0.04540,00000000
19.889,3837,3812,1508.540,256.245,0.04729,00000000
19.905,3842,3816,1510.539,256.341,0.04919,00000000
19.920,3847,3820,1512.537,256.442,0.05108,00000010
19.936,3852,3825,1514.757,256.555,0.05108,00000010
19.952,3857,3829,1516.754,256.659,0.05297,00000010
19.967,3859,3830,1517.420,256.695,0.05486,00000010
19.983,3857,3827,1516.311,256.633,0.05675,00000010
19.998,3854,3824,1514.979,256.557,0.05675,00000010
20.014,3851,3821,1513.647,256.482,0.05675,00000010
20.030,3849,3817,1512.316,256.404,0.06054,00000010
20.045,3845,3813,1510.541,256.296,0.06054,00000010
20.061,3842,3808,1508.766,256.185,0.06432,00000000
20.077,3838,3803,1506.770,256.055,0.06621,00000000
20.092,3834,3799,1504.996,255.937,0.06621,00000000
20.108,3831,3795,1503.443,255.833,0.06810,00000000
20.123,3827,3791,1501.669,255.711,0.06810,00000000
20.139,3824,3786,1499.895,255.587,0.07189,00000000
20.155,3821,3782,1498.343,255.474,0.07378,00000000
20.170,3817,3778,1496.570,255.343,0.07378,00000000
20.186,3814,3774,1495.018,255.227,0.07567,00000000
20.202,3807,3766,1491.694,254.971,0.07756,00000000
20.233,3804,3762,1490.143,254.849,0.07945,00000000
20.248,3800,3758,1488.370,254.708,0.07945,00000000
20.264,3797,3754,1486.819,254.583,0.08135,00000000
20.280,3793,3750,1485.047,254.439,0.08135,00000000
20.295,3789,3746,1483.274,254.294,0.08135,00000000
20.311,3785,3742,1481.502,254.150,0.08135,00000000
20.327,3781,3738,1479.729,254.005,0.08135,00000000
20.342,3778,3734,1478.179,253.877,0.08324,00000000
20.358,3776,3731,1477.071,253.784,0.08513,00000000
20.374,3776,3727,1476.186,253.705,0.09270,00000000
20.389,3778,3724,1475.964,253.683,0.10216,00000000
20.405,3780,3720,1475.522,253.636,0.11351,00000000
20.420,3783,3717,1475.522,253.636,0.12486,00000000
20.436,3786,3714,1475.522,253.636,0.13621,00000000
20.452,3790,3710,1475.522,253.636,0.15134,00000000
20.467,3794,3707,1475.742,253.671,0.16458,00000000
20.483,3797,3703,1475.523,253.633,0.17783,00000000
20.498,3800,3700,1475.523,253.633,0.18918,00000000
20.514,3803,3697,1475.523,253.633,0.20053,00000000
20.530,3805,3694,1475.305,253.587,0.20999,00000000
20.545,3808,3691,1475.305,253.587,0.22134,00000000
20.561,3811,3688,1475.305,253.587,0.23269,00000000
20.577,3814,3685,1475.305,253.587,0.24404,00000000
20.592,3817,3682,1475.305,253.587,0.25539,00000000
20.608,3820,3678,1475.091,253.530,0.26863,00000000
20.623,3823,3675,1475.091,253.530,0.27998,00000000
20.639,3826,3672,1475.091,253.530,0.29133,00000000
20.655,3828,3669,1474.878,253.465,0.30079,00000000
20.670,3831,3666,1474.878,253.465,0.31214,00000000
20.686,3833,3663,1474.667,253.396,0.32160,00000000
20.701,3836,3659,1474.456,253.324,0.33484,00000000
20.717,3838,3656,1474.247,253.250,0.34430,00000000
20.733,3841,3653,1474.247,253.250,0.35565,00000000
20.749,3844,3650,1474.247,253.250,0.36700,00000000
20.764,3847,3647,1474.247,253.250,0.37835,00000000
20.780,3850,3644,1474.247,253.250,0.38970,00000000
20.795,3853,3641,1474.247,253.250,0.40105,00000000
20.811,3856,3638,1474.247,253.250,0.41240,00000000
20.827,3859,3635,1474.247,253.250,0.42376,00000000
20.842,3862,3631,1474.045,253.157,0.43700,00000000
20.858,3865,3628,1474.045,253.157,0.44835,00000000
20.873,3868,3625,1474.045,253.157,0.45970,00000000
20.889,3871,3622,1474.045,253.157,0.47105,00000000
20.905,3874,3618,1473.847,253.055,0.48429,00000000
20.920,3877,3615,1473.847,253.055,0.49564,00000000
20.936,3880,3612,1473.847,253.055,0.50699,00000000
20.952,3883,3609,1473.847,253.055,0.51834,00000000
20.967,3886,3605,1473.655,252.944,0.53159,00000000
20.983,3889,3602,1473.655,252.944,0.54294,00000000
20.998,3891,3599,1473.465,252.828,0.55240,00000000
21.014,3894,3596,1473.465,252.828,0.56375,00000000
21.030,3897,3592,1473.278,252.708,0.57699,00000000
21.045,3900,3589,1473.278,252.708,0.58834,00000000
21.061,3903,3586,1473.278,252.708,0.59969,00000000
21.076,3906,3583,1473.278,252.708,0.61104,00000000
21.092,3910,3581,1473.641,252.965,0.62239,00000000
21.108,3913,3584,1474.724,253.743,0.62239,00000000
21.123,3917,3589,1476.351,254.907,0.62050,00000000
21.139,3920,3594,1477.800,255.938,0.61672,00000000
21.155,3924,3600,1479.615,257.221,0.61293,00000000
21.170,3928,3607,1481.619,258.622,0.60726,00000000
21.186,3932,3615,1483.816,260.135,0.59969,00000000
21.202,3936,3622,1485.838,261.510,0.59401,00000000
21.217,3940,3629,1487.868,262.872,0.58834,00000000
21.233,3944,3635,1489.720,264.102,0.58456,00000000
21.249,3948,3642,1491.762,265.446,0.57888,00000000
21.264,3952,3648,1493.625,266.658,0.57510,00000000
21.280,3956,3654,1495.493,267.864,0.57131,00000000
21.295,3960,3660,1497.365,269.062,0.56753,00000000
21.311,3964,3666,1499.242,270.254,0.56375,00000000
21.327,3968,3671,1500.934,271.321,0.56185,00000000
21.342,3972,3677,1502.817,272.502,0.55807,00000000
21.358,3975,3682,1504.327,273.441,0.55429,00000000
21.373,3979,3688,1506.219,274.607,0.55050,00000000
21.389,3983,3694,1508.116,275.766,0.54672,00000000
21.405,3987,3701,1510.208,277.031,0.54105,00000001
21.420,3990,3706,1511.734,277.944,0.53726,00000001
21.436,3992,3711,1513.073,278.737,0.53159,00000001
21.451,3993,3712,1513.457,278.962,0.53159,00000001
21.467,3990,3710,1512.498,278.400,0.52969,00000001
21.483,3986,3706,1510.963,277.501,0.52969,00000001
21.498,3984,3704,1510.196,277.052,0.52969,00000001
21.514,3982,3701,1509.238,276.490,0.53159,00000001
21.530,3979,3698,1508.088,275.814,0.53159,00000000
21.545,3975,3694,1506.555,274.912,0.53159,00000000
21.561,3972,3690,1505.215,274.122,0.53348,00000000
21.577,3968,3686,1503.683,273.218,0.53348,00000000
21.592,3965,3682,1502.344,272.425,0.53537,00000000
21.608,3961,3678,1500.815,271.518,0.53537,00000000
21.623,3957,3674,1499.286,270.611,0.53537,00000000
21.639,3954,3669,1497.758,269.701,0.53915,00000000
21.655,3951,3665,1496.423,268.901,0.54105,00000000
21.670,3947,3661,1494.899,267.985,0.54105,00000000
21.686,3943,3657,1493.375,267.069,0.54105,00000000
21.702,3940,3654,1492.232,266.382,0.54105,00000000
21.717,3936,3650,1490.707,265.466,0.54105,00000000
21.733,3933,3646,1489.374,264.664,0.54294,00000000
21.749,3930,3642,1488.043,263.858,0.54483,00000000
21.764,3926,3638,1486.522,262.937,0.54483,00000000
21.780,3922,3634,1485.001,262.015,0.54483,00000000
21.795,3919,3629,1483.482,261.091,0.54861,00000000
21.811,3915,3627,1482.343,260.397,0.54483,00000000
21.827,0,0,-112.395,-185.107,-0.00000,00000000
21.844,3906,3630,1487.646,242.361,0.52213,00000000
21.873,3903,3634,1487.839,242.471,0.50889,00000000
21.889,3899,3638,1487.839,242.471,0.49375,00000000
21.905,3896,3643,1488.232,242.678,0.47862,00000000
21.920,3893,3648,1488.628,242.880,0.46348,00000000
21.936,3891,3653,1489.227,243.174,0.45024,00000000
21.951,3889,3657,1489.628,243.365,0.43889,00000000
21.967,3886,3661,1489.830,243.459,0.42565,00000000
21.983,3883,3665,1490.033,243.549,0.41240,00000000
21.998,3880,3669,1490.237,243.637,0.39916,00000000
22.014,3877,3672,1490.237,243.637,0.38781,00000000
22.030,3874,3675,1490.237,243.637,0.37646,00000000
22.045,3870,3678,1490.030,243.556,0.36322,00000000
22.061,3868,3681,1490.238,243.634,0.35376,00000000
22.077,3865,3685,1490.447,243.710,0.34052,00000000
22.092,3862,3688,1490.447,243.710,0.32917,00000000
22.108,3859,3691,1490.447,243.710,0.31782,00000000
22.123,3856,3695,1490.659,243.778,0.30457,00000000
22.139,3853,3699,1490.871,243.843,0.29133,00000000
22.155,3850,3702,1490.871,243.843,0.27998,00000000
22.170,3847,3706,1491.085,243.903,0.26674,00000000
22.186,3844,3709,1491.085,243.903,0.25539,00000000
22.202,3842,3712,1491.301,243.958,0.24593,00000000
22.217,3839,3715,1491.301,243.958,0.23458,00000000
22.233,3836,3717,1491.084,243.908,0.22512,00000000
22.248,3833,3720,1491.084,243.908,0.21377,00000000
22.264,3830,3723,1491.084,243.908,0.20242,00000000
22.280,3828,3726,1491.302,243.952,0.19296,00000000
22.295,3825,3729,1491.302,243.952,0.18161,00000000
22.311,3822,3731,1491.083,243.912,0.17215,00000000
22.326,3819,3734,1491.083,243.912,0.16080,00000000
22.342,3816,3737,1491.083,243.912,0.14945,00000000
22.358,3814,3741,1491.523,243.976,0.13810,00000000
22.373,3811,3744,1491.523,243.976,0.12675,00000000
22.389,3808,3748,1491.744,244.003,0.11351,00000000
22.405,3805,3751,1491.744,244.003,0.10216,00000000
22.420,3802,3755,1491.965,244.024,0.08891,00000000
22.436,3799,3758,1491.965,244.024,0.07756,00000000
22.452,3796,3761,1491.965,244.024,0.06621,00000000
22.467,3793,3764,1491.965,244.024,0.05486,00000000
22.483,3790,3767,1491.965,244.024,0.04351,00000000
22.498,3787,3770,1491.965,244.024,0.03216,00000000
22.514,3785,3773,1492.188,244.030,0.02270,00000000
22.530,3782,3776,1492.188,244.030,0.01135,00000000
22.545,3779,3780,1492.410,244.031,-0.00189,00000000
22.561,3777,3783,1492.632,244.030,-0.01135,00000000
22.577,3780,3787,1494.188,244.010,-0.01324,00000000
22.592,3783,3791,1495.744,243.988,-0.01513,00000000
22.608,3787,3795,1497.522,243.961,-0.01513,00000000
22.623,3793,3799,1499.745,243.932,-0.01135,00000000
22.639,3800,3803,1502.190,243.911,-0.00568,00000000
22.655,3807,3807,1504.635,243.904,-0.00000,00000000
22.670,3814,3811,1507.080,243.911,0.00568,00000000
22.686,3821,3815,1509.525,243.932,0.01135,00000000
22.701,3827,3819,1511.747,243.961,0.01513,00000000
22.717,3833,3823,1513.970,243.999,0.01892,00000000
22.733,3838,3827,1515.970,244.039,0.02081,00000000
22.748,3844,3831,1518.192,244.090,0.02459,00000000
22.764,3849,3834,1519.970,244.137,0.02838,00000000
22.780,3855,3838,1522.192,244.204,0.03216,00000000
22.795,3860,3843,1524.413,244.275,0.03216,00000000
22.811,3866,3847,1526.635,244.351,0.03594,00000000
22.826,3871,3852,1528.856,244.431,0.03594,00000010
22.842,3876,3856,1530.855,244.505,0.03784,00000010
22.858,3881,3860,1532.855,244.582,0.03973,00000010
22.873,3883,3862,1533.743,244.618,0.03973,00000010
22.889,3880,3859,1532.410,244.565,0.03973,00000011
22.905,3877,3855,1530.856,244.501,0.04162,00000011
22.920,3874,3852,1529.523,244.446,0.04162,00000011
22.936,3872,3848,1528.191,244.388,0.04540,00000010
22.952,3868,3843,1526.192,244.295,0.04729,00000010
22.967,3865,3838,1524.416,244.208,0.05108,00000000
22.983,3861,3834,1522.640,244.117,0.05108,00000000
22.998,3857,3830,1520.864,244.026,0.05108,00000000
23.014,3854,3826,1519.310,243.945,0.05297,00000000
23.030,3850,3821,1517.313,243.837,0.05486,00000000
23.045,3847,3817,1515.759,243.751,0.05675,00000000
23.061,3843,3813,1513.984,243.650,0.05675,00000000
23.077,3840,3809,1512.430,243.560,0.05864,00000000
23.092,3836,3805,1510.655,243.456,0.05864,00000000
23.108,3833,3801,1509.102,243.363,0.06054,00000000
23.123,3830,3797,1507.549,243.268,0.06243,00000000
23.139,3827,3792,1505.774,243.153,0.06621,00000000
23.155,3823,3788,1504.000,243.036,0.06621,00000000
23.170,3820,3784,1502.448,242.931,0.06810,00000000
23.186,3816,3780,1500.673,242.810,0.06810,00000000
23.201,3813,3776,1499.121,242.703,0.07000,00000000
23.217,3809,3772,1497.347,242.578,0.07000,00000000
23.233,3805,3768,1495.573,242.454,0.07000,00000000
23.248,3801,3765,1494.021,242.347,0.06810,00000000
23.264,3800,3761,1492.912,242.268,0.07378,00000000
23.280,3800,3758,1492.248,242.217,0.07945,00000000
23.295,3801,3755,1491.805,242.180,0.08702,00000000
23.311,3803,3752,1491.583,242.160,0.09648,00000000
23.327,3806,3749,1491.583,242.160,0.10783,00000000
23.342,3810,3746,1491.804,242.185,0.12107,00000000
23.358,3814,3742,1491.804,242.185,0.13621,00000000
23.373,3818,3739,1492.024,242.217,0.14945,00000000
23.389,3822,3736,1492.244,242.251,0.16269,00000000
23.405,3825,3733,1492.244,242.251,0.17404,00000000
23.420,3828,3730,1492.244,242.251,0.18539,00000000
23.436,3831,3727,1492.244,242.251,0.19674,00000000
23.452,3834,3723,1492.026,242.206,0.20999,00000000
23.467,3837,3720,1492.026,242.206,0.22134,00000000
23.483,3839,3717,1491.809,242.156,0.23080,00000000
23.498,3842,3714,1491.809,242.156,0.24215,00000000
23.514,3845,3711,1491.809,242.156,0.25350,00000000
23.530,3848,3708,1491.809,242.156,0.26485,00000000
23.545,3850,3704,1491.381,242.038,0.27620,00000000
23.561,3853,3701,1491.381,242.038,0.28755,00000000
23.576,3856,3698,1491.381,242.038,0.29890,00000000
23.592,3858,3695,1491.169,241.971,0.30836,00000000
23.608,3861,3692,1491.169,241.971,0.31971,00000000
23.623,3864,3688,1490.958,241.900,0.33295,00000000
23.639,3867,3685,1490.958,241.900,0.34430,00000000
23.655,3871,3682,1491.167,241.976,0.35754,00000000
23.670,3874,3679,1491.167,241.976,0.36889,00000000
23.686,3877,3676,1491.167,241.976,0.38024,00000000
23.702,3880,3672,1490.961,241.892,0.39349,00000000
23.717,3884,3669,1491.166,241.979,0.40673,00000000
23.733,3887,3666,1491.166,241.979,0.41808,00000000
23.748,3890,3663,1491.166,241.979,0.42943,00000000
23.764,3893,3660,1491.166,241.979,0.44078,00000000
23.780,3896,3657,1491.166,241.979,0.45213,00000000
23.795,3899,3654,1491.166,241.979,0.46348,00000000
23.811,3901,3651,1490.967,241.879,0.47294,00000000
23.827,3904,3648,1490.967,241.879,0.48429,00000000
23.842,3907,3645,1490.967,241.879,0.49564,00000000
23.858,3910,3641,1490.773,241.772,0.50889,00000000
23.873,3913,3638,1490.773,241.772,0.52024,00000000
23.889,3916,3634,1490.580,241.660,0.53348,00000000
23.905,3919,3630,1490.390,241.546,0.54672,00000000
23.920,3923,3627,1490.579,241.662,0.55996,00000000
23.936,3926,3623,1490.391,241.543,0.57321,00000000
23.951,3929,3619,1490.205,241.421,0.58645,00000000
23.967,3932,3616,1490.205,241.421,0.59780,00000000
23.983,3935,3613,1490.205,241.421,0.60915,00000000
23.998,3938,3610,1490.205,241.421,0.62050,00000000
24.014,3941,3608,1490.386,241.551,0.62996,00000000
24.030,3944,3612,1491.644,242.467,0.62807,00000000
24.045,3947,3616,1492.904,243.380,0.62617,00000000
24.061,3951,3621,1494.526,244.551,0.62428,00000000
24.077,3955,3627,1496.332,245.847,0.62050,00000000
24.092,3958,3633,1497.963,247.005,0.61482,00000000
24.108,3962,3641,1500.148,248.536,0.60726,00000000
24.123,3966,3649,1502.344,250.049,0.59969,00000000
24.139,3969,3656,1504.183,251.297,0.59212,00000000
24.155,3973,3662,1506.030,252.534,0.58834,00000000
24.170,3977,3669,1508.068,253.885,0.58266,00000000
24.186,3981,3675,1509.926,255.105,0.57888,00000000
24.202,3985,3681,1511.789,256.317,0.57510,00000000
24.217,3989,3687,1513.657,257.523,0.57131,00000000
24.233,3993,3693,1515.529,258.721,0.56753,00000000
24.248,3997,3699,1517.406,259.913,0.56375,00000000
24.264,4001,3704,1519.098,260.980,0.56185,00000000
24.280,4006,3709,1520.979,262.164,0.56185,00000000
24.295,4010,3714,1522.673,263.229,0.55996,00000001
24.311,4013,3719,1524.181,264.170,0.55618,00000001
24.326,4016,3723,1525.503,264.990,0.55429,00000001
24.342,4017,3725,1526.071,265.341,0.55240,00000001
24.358,4014,3722,1524.935,264.641,0.55240,00000001
24.373,4011,3719,1523.800,263.941,0.55240,00000001
24.389,4009,3716,1522.855,263.357,0.55429,00000001
24.405,4007,3714,1522.099,262.889,0.55429,00000001
24.420,4004,3711,1520.965,262.187,0.55429,00000001
24.436,4001,3707,1519.642,261.367,0.55618,00000000
24.451,3997,3703,1518.132,260.428,0.55618,00000000
24.467,3994,3698,1516.624,259.486,0.55996,00000000
24.483,3990,3694,1515.117,258.542,0.55996,00000000
24.498,3986,3690,1513.610,257.597,0.55996,00000000
24.514,3983,3686,1512.293,256.770,0.56185,00000000
24.530,3979,3683,1510.975,255.942,0.55996,00000000
24.545,3975,3679,1509.468,254.997,0.55996,00000000
24.561,3972,3675,1508.151,254.170,0.56185,00000000
24.577,3968,3671,1506.646,253.222,0.56185,00000000
24.592,3964,3667,1505.141,252.275,0.56185,00000000
24.608,3960,3663,1503.636,251.328,0.56185,00000000
24.623,3957,3659,1502.320,250.497,0.56375,00000000
24.639,3953,3655,1500.817,249.547,0.56375,00000000
24.655,3950,3651,1499.503,248.714,0.56564,00000000
24.670,3946,3646,1497.815,247.641,0.56753,00000000
24.686,3942,3643,1496.502,246.806,0.56564,00000000
24.702,3939,3639,1495.189,245.970,0.56753,00000000
24.717,3935,3637,1494.063,245.256,0.56375,00000000
24.733,3932,3637,1493.498,244.901,0.55807,00000000
24.748,3929,3638,1493.120,244.667,0.55050,00000000
24.764,3926,3639,1492.741,244.436,0.54294,00000000
24.780,3923,3643,1492.932,244.549,0.52969,00000000
24.795,3920,3647,1493.124,244.660,0.51645,00000000
24.811,3917,3653,1493.707,244.985,0.49943,00000000
24.826,3914,3657,1493.903,245.090,0.48618,00000000
24.842,3911,3662,1494.297,245.295,0.47105,00000000
24.858,3908,3666,1494.496,245.394,0.45781,00000000
24.873,3905,3670,1494.696,245.491,0.44456,00000000
24.889,3902,3674,1494.898,245.585,0.43132,00000000
24.905,3899,3677,1494.898,245.585,0.41997,00000000
