0.000,3620,3435,0.000,0.000,0.00000,00000000
0.030,3620,3435,0.000,0.000,0.00000,00000000
0.046,3620,3435,0.000,0.000,0.00000,00000000
0.061,3620,3435,0.000,0.000,0.00000,00000000
0.077,3620,3435,0.000,0.000,0.00000,00000000
0.093,3621,3436,0.445,0.000,0.00000,00000000
0.108,3623,3440,1.778,-0.003,-0.00378,00000000
0.124,3626,3444,3.334,-0.010,-0.00568,00000000
0.139,3630,3447,4.890,-0.017,-0.00378,00000000
0.155,3634,3452,6.891,-0.027,-0.00568,00000000
0.171,3639,3458,9.336,-0.043,-0.00757,00000000
0.186,3644,3464,11.781,-0.064,-0.00946,00000000
0.202,3649,3469,14.003,-0.085,-0.00946,00000000
0.218,3654,3475,16.448,-0.110,-0.01135,00000000
0.233,3658,3480,18.449,-0.135,-0.01324,00000000
0.249,3663,3486,20.894,-0.169,-0.01513,00000000
0.264,3668,3491,23.116,-0.203,-0.01513,00000000
0.280,3673,3496,25.339,-0.237,-0.01513,00000000
0.296,3678,3501,27.561,-0.270,-0.01513,00000000
0.311,3682,3506,29.562,-0.303,-0.01703,00000000
0.327,3687,3510,31.562,-0.335,-0.01513,00000000
0.343,3691,3515,33.562,-0.367,-0.01703,00000000
0.358,3695,3520,35.563,-0.403,-0.01892,00000000
0.374,3699,3525,37.563,-0.443,-0.02081,00000000
0.389,3704,3529,39.563,-0.482,-0.01892,00000000
0.405,3709,3534,41.785,-0.524,-0.01892,00000000
0.421,3713,3539,43.785,-0.564,-0.02081,00000000
0.436,3718,3544,46.008,-0.610,-0.02081,00000000
0.452,3722,3549,48.008,-0.654,-0.02270,00000000
0.468,3727,3553,50.008,-0.697,-0.02081,00000000
0.483,3731,3558,52.008,-0.741,-0.02270,00000000
0.499,3736,3563,54.230,-0.791,-0.02270,00000000
0.514,3740,3568,56.230,-0.839,-0.02459,00000000
0.530,3745,3573,58.452,-0.893,-0.02459,00000000
0.546,3750,3578,60.674,-0.948,-0.02459,00000000
0.561,3754,3582,62.452,-0.992,-0.02459,00000000
0.577,3759,3587,64.674,-1.046,-0.02459,00000000
0.593,3763,3592,66.674,-1.097,-0.02648,00000000
0.608,3767,3597,68.674,-1.152,-0.02838,00000000
0.624,3772,3603,71.118,-1.224,-0.03027,00000000
0.639,3776,3608,73.118,-1.286,-0.03216,00000000
0.655,3781,3612,75.117,-1.349,-0.03027,00000000
0.671,3785,3617,77.117,-1.411,-0.03216,00000000
0.686,3790,3622,79.338,-1.483,-0.03216,00000000
0.702,3794,3627,81.338,-1.549,-0.03405,00000000
0.718,3799,3632,83.559,-1.625,-0.03405,00000000
0.733,3803,3637,85.559,-1.695,-0.03594,00000000
0.749,3808,3642,87.780,-1.775,-0.03594,00000000
0.764,3813,3647,90.002,-1.854,-0.03594,00000000
0.780,3817,3652,92.001,-1.928,-0.03784,00000000
0.796,3822,3657,94.222,-2.012,-0.03784,00000000
0.811,3826,3662,96.221,-2.090,-0.03973,00000000
0.827,3831,3667,98.442,-2.178,-0.03973,00000000
0.843,3835,3672,100.441,-2.259,-0.04162,00000000
0.858,3839,3677,102.440,-2.345,-0.04351,00000000
0.874,3844,3681,104.438,-2.430,-0.04162,00000000
0.889,3848,3686,106.437,-2.515,-0.04351,00000000
0.905,3853,3692,108.880,-2.624,-0.04540,00000000
0.921,3857,3697,110.878,-2.716,-0.04729,00000000
0.936,3862,3702,113.099,-2.821,-0.04729,00000000
0.952,3867,3707,115.319,-2.926,-0.04729,00000000
0.968,3871,3711,117.095,-3.010,-0.04729,00000000
0.983,3875,3716,119.093,-3.107,-0.04919,00000000
0.999,3880,3721,121.314,-3.216,-0.04919,00000000
1.014,3885,3726,123.534,-3.326,-0.04919,00000000
1.030,3889,3732,125.754,-3.439,-0.05297,00000000
1.046,3894,3737,127.973,-3.557,-0.05297,00000000
1.061,3898,3741,129.749,-3.651,-0.05297,00000000
1.077,3903,3746,131.969,-3.769,-0.05297,00000000
1.093,3908,3751,134.188,-3.886,-0.05297,00000000
1.108,3912,3756,136.186,-3.994,-0.05486,00000000
1.124,3917,3761,138.406,-4.116,-0.05486,00000000
1.139,3921,3766,140.403,-4.227,-0.05675,00000000
1.155,3926,3771,142.622,-4.354,-0.05675,00000000
1.171,3930,3776,144.619,-4.469,-0.05864,00000000
1.186,3935,3781,146.838,-4.599,-0.05864,00000000
1.202,3939,3786,148.835,-4.718,-0.06054,00000000
1.217,3944,3791,151.054,-4.853,-0.06054,00000000
1.233,3949,3796,153.273,-4.987,-0.06054,00000000
1.249,3953,3801,155.270,-5.110,-0.06243,00000000
1.264,3957,3806,157.266,-5.237,-0.06432,00000000
1.280,3962,3811,159.484,-5.380,-0.06432,00000000
1.296,3967,3816,161.703,-5.523,-0.06432,00000000
1.311,3971,3821,163.699,-5.653,-0.06621,00000000
1.327,3976,3825,165.695,-5.784,-0.06432,00000000
1.343,3980,3830,167.692,-5.914,-0.06621,00000000
1.358,3985,3835,169.910,-6.061,-0.06621,00000000
1.374,3990,3840,172.127,-6.208,-0.06621,00000000
1.389,3994,3845,174.124,-6.343,-0.06810,00000000
1.405,3999,3850,176.341,-6.494,-0.06810,00000000
1.421,4003,3855,178.337,-6.632,-0.07000,00000000
1.436,4008,3860,180.554,-6.787,-0.07000,00000000
1.452,4012,3865,182.550,-6.929,-0.07189,00000000
1.468,4017,3870,184.767,-7.089,-0.07189,00000000
1.483,4021,3875,186.762,-7.234,-0.07378,00000000
1.499,4026,3880,188.979,-7.398,-0.07378,00000000
1.514,4030,3885,190.974,-7.547,-0.07567,00000000
1.530,4035,3890,193.190,-7.716,-0.07567,00000000
1.546,4039,3895,195.185,-7.869,-0.07756,00000000
1.561,4044,3900,197.401,-8.041,-0.07756,00000000
1.577,4048,3904,199.174,-8.179,-0.07756,00000000
1.592,4052,3909,201.168,-8.336,-0.07945,00000000
1.608,4057,3914,203.384,-8.512,-0.07945,00000000
1.624,4061,3919,205.378,-8.673,-0.08135,00000000
1.640,4066,3924,207.594,-8.853,-0.08135,00000000
1.655,4070,3929,209.588,-9.018,-0.08324,00000000
1.671,4075,3934,211.803,-9.203,-0.08324,00000000
1.686,4079,3939,213.796,-9.371,-0.08513,00000000
1.702,4084,3944,216.011,-9.560,-0.08513,00000000
1.718,4088,3949,218.004,-9.732,-0.08702,00000000
1.733,4093,3954,220.219,-9.925,-0.08702,00000000
1.749,4098,3959,222.433,-10.118,-0.08702,00000000
1.765,4102,3964,224.426,-10.294,-0.08891,00000000
1.780,4107,3969,226.640,-10.491,-0.08891,00000000
1.796,4111,3975,228.853,-10.693,-0.09270,00000000
1.811,4116,3980,231.067,-10.899,-0.09270,00000000
1.827,4120,3985,233.059,-11.086,-0.09459,00000000
1.843,4125,3990,235.271,-11.296,-0.09459,00000000
1.858,4130,3995,237.484,-11.506,-0.09459,00000000
1.874,4134,4000,239.476,-11.696,-0.09648,00000000
1.889,4139,4005,241.688,-11.910,-0.09648,00000000
1.905,4143,4010,243.679,-12.105,-0.09837,00000000
1.921,4148,4015,245.891,-12.323,-0.09837,00000000
1.936,4152,4020,247.882,-12.522,-0.10026,00000000
1.952,4157,4025,250.094,-12.744,-0.10026,00000000
1.968,4161,4030,252.084,-12.946,-0.10216,00000000
1.983,4166,4035,254.295,-13.173,-0.10216,00000000
1.999,4170,4040,256.285,-13.379,-0.10405,00000000
2.014,4175,4045,258.496,-13.610,-0.10405,00000000
2.030,4179,4050,260.485,-13.819,-0.10594,00000000
2.046,4184,4055,262.696,-14.054,-0.10594,00000000
2.061,4189,4060,264.906,-14.290,-0.10594,00000000
2.077,4193,4065,266.895,-14.503,-0.10783,00000000
2.092,4198,4070,269.105,-14.742,-0.10783,00000000
2.108,4202,4075,271.094,-14.959,-0.10972,00000000
2.124,4207,4080,273.303,-15.203,-0.10972,00000000
2.140,4211,4085,275.292,-15.424,-0.11161,00000000
2.155,4216,4090,277.501,-15.671,-0.11161,00000000
2.171,4220,4094,279.268,-15.869,-0.11161,00000000
2.186,4224,4099,281.256,-16.094,-0.11351,00000000
2.202,4229,4105,283.685,-16.373,-0.11540,00000000
2.218,4233,4110,285.672,-16.606,-0.11729,00000000
2.233,4238,4115,287.879,-16.866,-0.11729,00000000
2.249,4242,4120,289.866,-17.102,-0.11918,00000000
2.264,4247,4125,292.073,-17.366,-0.11918,00000000
2.280,4251,4130,294.059,-17.606,-0.12107,00000000
2.296,4256,4135,296.266,-17.874,-0.12107,00000000
2.311,4261,4140,298.472,-18.143,-0.12107,00000000
2.327,4265,4145,300.458,-18.386,-0.12296,00000000
2.343,4269,4149,302.223,-18.604,-0.12296,00000000
2.358,4274,4154,304.429,-18.877,-0.12296,00000000
2.374,4278,4159,306.414,-19.124,-0.12486,00000000
2.390,4283,4164,308.620,-19.401,-0.12486,00000000
2.405,4287,4169,310.604,-19.652,-0.12675,00000000
2.421,4292,4174,312.809,-19.933,-0.12675,00000000
2.436,4296,4179,314.794,-20.188,-0.12864,00000000
2.452,4301,4184,316.998,-20.473,-0.12864,00000000
2.468,4305,4188,318.762,-20.701,-0.12864,00000000
2.483,4309,4193,320.745,-20.959,-0.13053,00000000
2.499,4314,4198,322.949,-21.249,-0.13053,00000000
2.515,4318,4204,325.153,-21.542,-0.13432,00000000
2.530,4323,4208,327.135,-21.808,-0.13242,00000000
2.546,4328,4213,329.339,-22.102,-0.13242,00000000
2.561,4332,4218,331.322,-22.368,-0.13432,00000000
2.577,4337,4223,333.524,-22.666,-0.13432,00000000
2.593,4341,4228,335.507,-22.935,-0.13621,00000000
2.608,4346,4233,337.709,-23.237,-0.13621,00000000
2.624,4351,4238,339.911,-23.539,-0.13621,00000000
2.640,4355,4243,341.893,-23.812,-0.13810,00000000
2.655,4360,4248,344.095,-24.118,-0.13810,00000000
2.671,4364,4253,346.076,-24.396,-0.13999,00000000
2.686,4369,4258,348.277,-24.706,-0.13999,00000000
2.702,4373,4263,350.258,-24.987,-0.14188,00000000
2.718,4378,4268,352.458,-25.301,-0.14188,00000000
2.733,4382,4273,354.438,-25.586,-0.14377,00000000
2.749,4387,4278,356.638,-25.904,-0.14377,00000000
2.764,4391,4283,358.618,-26.193,-0.14567,00000000
2.780,4396,4288,360.817,-26.516,-0.14567,00000000
2.796,4400,4293,362.796,-26.808,-0.14756,00000000
2.811,4404,4298,364.775,-27.104,-0.14945,00000000
2.827,4409,4303,366.973,-27.435,-0.14945,00000000
2.843,4414,4308,369.171,-27.766,-0.14945,00000000
2.858,4418,4313,371.149,-28.066,-0.15134,00000000
2.874,4423,4318,373.346,-28.401,-0.15134,00000000
2.889,4427,4323,375.323,-28.704,-0.15323,00000000
2.905,4432,4328,377.520,-29.043,-0.15323,00000000
2.921,4436,4333,379.497,-29.351,-0.15512,00000000
2.936,4441,4338,381.693,-29.694,-0.15512,00000000
2.952,4445,4343,383.669,-30.005,-0.15702,00000000
2.968,4450,4348,385.865,-30.353,-0.15702,00000000
2.983,4454,4353,387.841,-30.667,-0.15891,00000000
2.999,4459,4358,390.035,-31.019,-0.15891,00000000
3.014,4463,4363,392.010,-31.338,-0.16080,00000000
3.030,4468,4368,394.205,-31.693,-0.16080,00000000
3.046,4472,4373,396.179,-32.016,-0.16269,00000000
3.062,4477,4378,398.372,-32.376,-0.16269,00000000
3.077,4481,4383,400.346,-32.702,-0.16458,00000000
3.093,4486,4388,402.539,-33.066,-0.16458,00000000
3.108,4491,4393,404.732,-33.430,-0.16458,00000000
3.124,4495,4397,406.486,-33.721,-0.16458,00000000
3.140,4500,4402,408.679,-34.085,-0.16458,00000000
3.155,4504,4407,410.652,-34.415,-0.16648,00000000
3.171,4509,4412,412.844,-34.783,-0.16648,00000000
3.186,4514,4417,415.036,-35.152,-0.16648,00000000
3.202,4518,4422,417.009,-35.485,-0.16837,00000000
3.218,4523,4427,419.200,-35.858,-0.16837,00000000
3.233,4527,4432,421.172,-36.195,-0.17026,00000000
3.249,4532,4437,423.363,-36.571,-0.17026,00000000
3.265,4536,4442,425.334,-36.912,-0.17215,00000000
3.280,4541,4447,427.524,-37.293,-0.17215,00000000
3.296,4546,4452,429.714,-37.674,-0.17215,00000000
3.311,4550,4457,431.685,-38.018,-0.17404,00000000
3.327,4555,4462,433.874,-38.403,-0.17404,00000000
3.343,4559,4467,435.844,-38.751,-0.17593,00000000
3.358,4564,4472,438.032,-39.141,-0.17593,00000000
3.374,4568,4477,440.002,-39.493,-0.17783,00000000
3.389,4573,4482,442.190,-39.886,-0.17783,00000000
3.405,4577,4487,444.158,-40.241,-0.17972,00000000
3.421,4582,4492,446.345,-40.639,-0.17972,00000000
3.436,4587,4497,448.532,-41.036,-0.17972,00000000
3.452,4591,4502,450.500,-41.396,-0.18161,00000000
3.468,4596,4507,452.687,-41.797,-0.18161,00000000
3.483,4600,4512,454.654,-42.160,-0.18350,00000000
3.499,4605,4517,456.839,-42.566,-0.18350,00000000
3.515,4610,4522,459.025,-42.971,-0.18350,00000000
3.530,4614,4527,460.991,-43.338,-0.18539,00000000
3.546,4619,4532,463.176,-43.748,-0.18539,00000000
3.561,4623,4537,465.142,-44.119,-0.18728,00000000
3.577,4628,4542,467.326,-44.533,-0.18728,00000000
3.593,4632,4547,469.291,-44.907,-0.18918,00000000
3.608,4637,4552,471.474,-45.325,-0.18918,00000000
3.624,4642,4557,473.658,-45.743,-0.18918,00000000
3.640,4646,4562,475.622,-46.121,-0.19107,00000000
3.655,4651,4566,477.587,-46.499,-0.18918,00000000
3.671,4655,4571,479.551,-46.877,-0.19107,00000000
3.686,4659,4576,481.515,-47.259,-0.19296,00000000
3.702,4664,4581,483.696,-47.685,-0.19296,00000000
3.717,4668,4586,485.659,-48.071,-0.19485,00000000
3.733,4673,4591,487.840,-48.501,-0.19485,00000000
3.749,4677,4595,489.585,-48.845,-0.19485,00000000
3.764,4682,4600,491.766,-49.276,-0.19485,00000000
3.780,4686,4605,493.728,-49.665,-0.19674,00000000
3.796,4691,4610,495.908,-50.099,-0.19674,00000000
3.811,4696,4615,498.088,-50.534,-0.19674,00000000
3.827,4700,4620,500.049,-50.927,-0.19864,00000000
3.843,4705,4625,502.229,-51.366,-0.19864,00000000
3.858,4709,4630,504.189,-51.762,-0.20053,00000000
3.874,4714,4635,506.368,-52.205,-0.20053,00000000
3.889,4718,4640,508.328,-52.605,-0.20242,00000000
3.905,4723,4645,510.505,-53.052,-0.20242,00000000
3.921,4727,4650,512.464,-53.456,-0.20431,00000000
3.936,4732,4655,514.641,-53.907,-0.20431,00000000
3.952,4737,4660,516.818,-54.358,-0.20431,00000000
3.968,4741,4665,518.776,-54.766,-0.20620,00000000
3.983,4746,4670,520.952,-55.221,-0.20620,00000000
3.999,4750,4675,522.910,-55.632,-0.20809,00000000
4.014,4755,4680,525.085,-56.092,-0.20809,00000000
4.030,4759,4685,527.042,-56.507,-0.20999,00000000
4.046,4764,4690,529.216,-56.970,-0.20999,00000000
4.061,4768,4694,530.955,-57.341,-0.20999,00000000
4.077,4773,4699,533.129,-57.804,-0.20999,00000000
4.093,4777,4704,535.085,-58.223,-0.21188,00000000
4.108,4782,4709,537.258,-58.691,-0.21188,00000000
4.124,4786,4715,539.430,-59.162,-0.21566,00000000
4.139,4791,4719,541.385,-59.588,-0.21377,00000000
4.155,4795,4724,543.340,-60.015,-0.21566,00000000
4.171,4800,4729,545.511,-60.490,-0.21566,00000000
4.186,4804,4734,547.465,-60.920,-0.21755,00000000
4.202,4809,4739,549.635,-61.400,-0.21755,00000000
4.218,4813,4744,551.588,-61.834,-0.21944,00000000
4.233,4818,4749,553.758,-62.318,-0.21944,00000000
4.249,4823,4754,555.927,-62.801,-0.21944,00000000
4.264,4827,4759,557.879,-63.239,-0.22134,00000000
4.280,4832,4764,560.048,-63.727,-0.22134,00000000
4.296,4836,4768,561.783,-64.117,-0.22134,00000000
4.311,4841,4773,563.951,-64.605,-0.22134,00000000
4.327,4845,4778,565.903,-65.046,-0.22323,00000000
4.343,4850,4783,568.070,-65.538,-0.22323,00000000
4.358,4854,4788,570.021,-65.983,-0.22512,00000000
4.374,4859,4793,572.188,-66.479,-0.22512,00000000
4.390,4864,4798,574.354,-66.975,-0.22512,00000000
4.405,4868,4803,576.304,-67.424,-0.22701,00000000
4.421,4873,4808,578.470,-67.924,-0.22701,00000000
4.436,4877,4813,580.418,-68.376,-0.22890,00000000
4.452,4882,4817,582.367,-68.828,-0.22701,00000000
4.468,4886,4822,584.316,-69.280,-0.22890,00000000
4.483,4891,4827,586.481,-69.785,-0.22890,00000000
4.499,4895,4832,588.429,-70.240,-0.23080,00000000
4.514,4900,4837,590.593,-70.749,-0.23080,00000000
4.530,4904,4842,592.540,-71.208,-0.23269,00000000
4.546,4909,4847,594.703,-71.721,-0.23269,00000000
4.561,4913,4852,596.649,-72.184,-0.23458,00000000
4.577,4918,4857,598.811,-72.701,-0.23458,00000000
4.593,4922,4862,600.756,-73.168,-0.23647,00000000
4.608,4927,4867,602.917,-73.688,-0.23647,00000000
4.624,4931,4872,604.862,-74.159,-0.23836,00000000
4.639,4936,4877,607.022,-74.684,-0.23836,00000000
4.655,4940,4882,608.965,-75.158,-0.24025,00000000
4.671,4945,4887,611.124,-75.687,-0.24025,00000000
4.686,4949,4892,613.067,-76.165,-0.24215,00000000
4.702,4954,4897,615.225,-76.698,-0.24215,00000000
4.718,4958,4902,617.166,-77.179,-0.24404,00000000
4.733,4963,4907,619.323,-77.716,-0.24404,00000000
4.749,4968,4912,621.480,-78.253,-0.24404,00000000
4.764,4972,4917,623.421,-78.739,-0.24593,00000000
4.780,4977,4922,625.577,-79.280,-0.24593,00000000
4.796,4981,4927,627.517,-79.769,-0.24782,00000000
4.811,4986,4932,629.672,-80.314,-0.24782,00000000
4.827,4990,4937,631.611,-80.806,-0.24971,00000000
4.843,4995,4942,633.765,-81.356,-0.24971,00000000
4.858,4999,4947,635.703,-81.852,-0.25160,00000000
4.874,5004,4951,637.641,-82.348,-0.24971,00000000
4.889,5009,4956,639.795,-82.898,-0.24971,00000000
4.905,5013,4961,641.733,-83.394,-0.25160,00000000
4.921,5018,4966,643.885,-83.947,-0.25160,00000000
4.936,5022,4971,645.823,-84.447,-0.25350,00000000
4.952,5027,4976,647.974,-85.005,-0.25350,00000000
4.967,5032,4981,650.126,-85.562,-0.25350,00000000
4.983,5036,4986,652.062,-86.066,-0.25539,00000000
4.999,5041,4991,654.213,-86.627,-0.25539,00000000
5.014,5046,4996,656.364,-87.189,-0.25539,00000000
5.030,5050,5001,658.299,-87.696,-0.25728,00000000
5.046,5055,5006,660.449,-88.261,-0.25728,00000000
5.061,5060,5011,662.598,-88.827,-0.25728,00000000
5.077,5064,5016,664.532,-89.338,-0.25917,00000000
5.093,5069,5021,666.681,-89.908,-0.25917,00000000
5.108,5074,5026,668.830,-90.477,-0.25917,00000000
5.124,5078,5031,670.763,-90.992,-0.26106,00000000
5.140,5083,5036,672.910,-91.565,-0.26106,00000000
5.155,5088,5041,675.058,-92.139,-0.26106,00000000
5.171,5092,5046,676.990,-92.657,-0.26296,00000000
5.186,5097,5051,679.137,-93.235,-0.26296,00000000
5.202,5101,5056,681.068,-93.757,-0.26485,00000000
5.218,5106,5061,683.213,-94.339,-0.26485,00000000
5.233,5110,5066,685.143,-94.864,-0.26674,00000000
5.249,5115,5071,687.288,-95.450,-0.26674,00000000
5.264,5119,5076,689.217,-95.979,-0.26863,00000000
5.280,5124,5081,691.360,-96.569,-0.26863,00000000
5.296,5128,5086,693.288,-97.102,-0.27052,00000000
5.311,5133,5091,695.430,-97.696,-0.27052,00000000
5.327,5137,5096,697.358,-98.233,-0.27241,00000000
5.342,5142,5101,699.498,-98.831,-0.27241,00000000
5.358,5147,5106,701.639,-99.429,-0.27241,00000000
5.374,5152,5111,703.780,-100.027,-0.27241,00000000
5.389,5156,5116,705.706,-100.567,-0.27431,00000000
5.405,5161,5120,707.633,-101.107,-0.27241,00000000
5.421,5165,5125,709.559,-101.647,-0.27431,00000000
5.436,5170,5130,711.699,-102.249,-0.27431,00000000
5.452,5175,5135,713.838,-102.851,-0.27431,00000000
5.468,5179,5140,715.764,-103.395,-0.27620,00000000
5.483,5184,5145,717.902,-104.001,-0.27620,00000000
5.499,5188,5150,719.826,-104.549,-0.27809,00000000
5.514,5193,5155,721.964,-105.159,-0.27809,00000000
5.530,5197,5160,723.887,-105.710,-0.27998,00000000
5.546,5202,5165,726.023,-106.324,-0.27998,00000000
5.562,5207,5170,728.160,-106.938,-0.27998,00000000
5.577,5211,5174,729.869,-107.430,-0.27998,00000000
5.593,5216,5180,732.218,-108.108,-0.28187,00000000
5.608,5220,5184,733.926,-108.602,-0.28187,00000000
5.624,5225,5189,736.061,-109.220,-0.28187,00000000
5.640,5229,5194,737.982,-109.779,-0.28376,00000000
5.655,5233,5199,739.902,-110.341,-0.28566,00000000
5.671,5238,5204,742.035,-110.967,-0.28566,00000000
5.686,5243,5209,744.168,-111.593,-0.28566,00000000
5.702,5247,5214,746.087,-112.159,-0.28755,00000000
5.718,5252,5219,748.218,-112.789,-0.28755,00000000
5.733,5256,5224,750.136,-113.359,-0.28944,00000000
5.749,5261,5229,752.266,-113.993,-0.28944,00000000
5.764,5265,5233,753.971,-114.500,-0.28944,00000000
5.780,5270,5238,756.101,-115.135,-0.28944,00000000
5.796,5274,5243,758.018,-115.708,-0.29133,00000000
5.811,5279,5248,760.147,-116.346,-0.29133,00000000
5.827,5283,5253,762.063,-116.923,-0.29322,00000000
5.843,5288,5258,764.191,-117.565,-0.29322,00000000
5.858,5292,5263,766.105,-118.145,-0.29512,00000000
5.874,5297,5268,768.232,-118.792,-0.29512,00000000
5.889,5301,5273,770.145,-119.375,-0.29701,00000000
5.905,5306,5277,772.059,-119.959,-0.29512,00000000
5.921,5310,5282,773.972,-120.543,-0.29701,00000000
5.936,5315,5287,776.098,-121.193,-0.29701,00000000
5.952,5319,5292,778.010,-121.780,-0.29890,00000000
5.968,5324,5297,780.135,-122.435,-0.29890,00000000
5.983,5328,5302,782.046,-123.026,-0.30079,00000000
5.999,5333,5307,784.169,-123.684,-0.30079,00000000
6.014,5337,5312,786.079,-124.279,-0.30268,00000000
6.030,5342,5317,788.201,-124.942,-0.30268,00000000
6.046,5346,5322,790.110,-125.540,-0.30457,00000000
6.061,5351,5326,792.019,-126.138,-0.30268,00000000
6.077,5355,5331,793.928,-126.736,-0.30457,00000000
6.093,5360,5336,796.048,-127.403,-0.30457,00000000
6.108,5365,5341,798.169,-128.069,-0.30457,00000000
6.124,5369,5346,800.077,-128.671,-0.30647,00000000
6.139,5374,5351,802.196,-129.342,-0.30647,00000000
6.155,5378,5356,804.103,-129.947,-0.30836,00000000
6.171,5383,5360,806.010,-130.552,-0.30647,00000000
6.186,5387,5365,807.916,-131.158,-0.30836,00000000
6.202,5392,5370,810.034,-131.832,-0.30836,00000000
6.217,5396,5375,811.940,-132.441,-0.31025,00000000
6.233,5401,5380,814.057,-133.120,-0.31025,00000000
6.249,5405,5385,815.961,-133.732,-0.31214,00000000
6.264,5410,5390,818.077,-134.415,-0.31214,00000000
6.280,5414,5395,819.980,-135.031,-0.31403,00000000
6.296,5419,5400,822.094,-135.718,-0.31403,00000000
6.311,5423,5405,823.996,-136.337,-0.31592,00000000
6.327,5428,5410,826.109,-137.028,-0.31592,00000000
6.343,5432,5415,828.010,-137.651,-0.31782,00000000
6.358,5437,5420,830.121,-138.346,-0.31782,00000000
6.374,5442,5425,832.233,-139.041,-0.31782,00000000
6.389,5446,5430,834.133,-139.668,-0.31971,00000000
6.405,5450,5435,836.031,-140.298,-0.32160,00000000
6.421,5455,5439,837.930,-140.929,-0.31971,00000000
6.436,5459,5444,839.828,-141.559,-0.32160,00000000
6.452,5464,5449,841.937,-142.262,-0.32160,00000000
6.468,5469,5454,844.046,-142.965,-0.32160,00000000
6.483,5473,5459,845.943,-143.599,-0.32349,00000000
6.499,5478,5464,848.051,-144.305,-0.32349,00000000
6.514,5482,5469,849.947,-144.943,-0.32538,00000000
6.530,5487,5474,852.053,-145.654,-0.32538,00000000
6.546,5491,5479,853.948,-146.295,-0.32728,00000000
6.561,5496,5484,856.053,-147.009,-0.32728,00000000
6.577,5501,5489,858.158,-147.724,-0.32728,00000000
6.593,5505,5494,860.052,-148.369,-0.32917,00000000
6.608,5510,5499,862.155,-149.087,-0.32917,00000000
6.624,5514,5504,864.048,-149.736,-0.33106,00000000
6.639,5519,5509,866.150,-150.458,-0.33106,00000000
6.655,5523,5514,868.041,-151.110,-0.33295,00000000
6.671,5528,5519,870.142,-151.837,-0.33295,00000000
6.686,5533,5524,872.243,-152.563,-0.33295,00000000
6.702,5537,5529,874.133,-153.219,-0.33484,00000000
6.717,5542,5534,876.232,-153.950,-0.33484,00000000
6.733,5546,5539,878.121,-154.609,-0.33673,00000000
6.749,5551,5544,880.219,-155.343,-0.33673,00000000
6.764,5555,5548,881.897,-155.931,-0.33673,00000000
6.780,5560,5553,883.995,-156.665,-0.33673,00000000
6.796,5565,5558,886.093,-157.400,-0.33673,00000000
6.811,5569,5563,887.981,-158.062,-0.33863,00000000
6.827,5574,5568,890.077,-158.801,-0.33863,00000000
6.843,5578,5573,891.964,-159.467,-0.34052,00000000
6.858,5583,5578,894.059,-160.209,-0.34052,00000000
6.874,5587,5583,895.944,-160.879,-0.34241,00000000
6.889,5592,5588,898.038,-161.626,-0.34241,00000000
6.905,5597,5593,900.132,-162.372,-0.34241,00000000
6.921,5601,5598,902.015,-163.046,-0.34430,00000000
6.936,5606,5603,904.108,-163.796,-0.34430,00000000
6.952,5610,5608,905.990,-164.473,-0.34619,00000000
6.968,5615,5613,908.081,-165.227,-0.34619,00000000
6.983,5619,5617,909.754,-165.831,-0.34619,00000000
6.999,5624,5622,911.845,-166.585,-0.34619,00000000
7.014,5629,5627,913.936,-167.339,-0.34619,00000000
7.030,5633,5632,915.817,-168.020,-0.34808,00000000
7.046,5637,5637,917.697,-168.704,-0.34998,00000000
7.061,5642,5642,919.785,-169.466,-0.34998,00000000
7.077,5647,5647,921.873,-170.228,-0.34998,00000000
7.092,5651,5652,923.752,-170.916,-0.35187,00000000
7.108,5656,5657,925.838,-171.682,-0.35187,00000000
7.124,5661,5662,927.925,-172.448,-0.35187,00000000
7.139,5665,5667,929.802,-173.139,-0.35376,00000000
7.155,5669,5671,931.470,-173.755,-0.35376,00000000
7.171,5674,5676,933.556,-174.525,-0.35376,00000010
7.186,5677,5680,935.015,-175.066,-0.35565,00000010
7.202,5680,5684,936.473,-175.609,-0.35754,00000010
7.217,5681,5685,936.889,-175.765,-0.35754,00000010
7.233,5678,5682,935.640,-175.298,-0.35754,00000010
7.249,5675,5678,934.182,-174.755,-0.35565,00000010
7.264,5672,5675,932.932,-174.290,-0.35565,00000010
7.280,5670,5672,931.889,-173.904,-0.35376,00000010
7.296,5667,5669,930.638,-173.442,-0.35376,00000010
7.311,5664,5665,929.178,-172.905,-0.35187,00000000
7.327,5661,5661,927.717,-172.370,-0.34998,00000000
7.342,5657,5656,925.837,-171.685,-0.34808,00000000
7.358,5653,5652,924.165,-171.079,-0.34808,00000000
7.374,5650,5649,922.912,-170.624,-0.34808,00000000
7.389,5647,5645,921.449,-170.095,-0.34619,00000000
7.405,5643,5641,919.776,-169.491,-0.34619,00000000
7.421,5640,5637,918.312,-168.965,-0.34430,00000000
7.436,5637,5632,916.637,-168.368,-0.34052,00000000
7.452,5633,5628,914.960,-167.774,-0.34052,00000000
7.467,5630,5624,913.493,-167.255,-0.33863,00000000
7.483,5626,5620,911.816,-166.665,-0.33863,00000000
7.499,5623,5616,910.348,-166.149,-0.33673,00000000
7.514,5620,5612,908.879,-165.636,-0.33484,00000000
7.530,5616,5609,907.410,-165.124,-0.33673,00000000
7.546,5613,5605,905.941,-164.611,-0.33484,00000000
7.561,5609,5601,904.261,-164.027,-0.33484,00000000
7.577,5606,5597,902.791,-163.517,-0.33295,00000000
7.592,5603,5592,901.109,-162.939,-0.32917,00000000
7.608,5601,5588,899.847,-162.510,-0.32538,00000000
7.624,5602,5585,899.425,-162.369,-0.31782,00000000
7.639,5603,5581,898.790,-162.164,-0.30836,00000000
7.655,5605,5578,898.578,-162.098,-0.29890,00000000
7.671,5608,5574,898.365,-162.034,-0.28566,00000000
7.686,5612,5570,898.365,-162.034,-0.27052,00000000
7.702,5615,5567,898.365,-162.034,-0.25917,00000000
7.718,5619,5564,898.581,-162.089,-0.24593,00000000
7.733,5622,5561,898.581,-162.089,-0.23458,00000000
7.749,5626,5558,898.797,-162.139,-0.22134,00000000
7.764,5630,5555,899.014,-162.187,-0.20809,00000000
7.780,5633,5552,899.014,-162.187,-0.19674,00000000
7.796,5636,5548,898.796,-162.145,-0.18350,00000000
7.811,5639,5544,898.577,-162.106,-0.17026,00000000
7.827,5642,5541,898.577,-162.106,-0.15891,00000000
7.842,5645,5538,898.577,-162.106,-0.14756,00000000
7.858,5648,5534,898.357,-162.074,-0.13432,00000000
7.874,5651,5531,898.357,-162.074,-0.12296,00000000
7.889,5654,5527,898.136,-162.049,-0.10972,00000000
7.905,5657,5524,898.136,-162.049,-0.09837,00000000
7.921,5660,5521,898.136,-162.049,-0.08702,00000000
7.936,5663,5518,898.136,-162.049,-0.07567,00000000
7.952,5665,5515,897.915,-162.033,-0.06621,00000000
7.967,5668,5512,897.915,-162.033,-0.05486,00000000
7.983,5671,5509,897.915,-162.033,-0.04351,00000000
7.999,5674,5506,897.915,-162.033,-0.03216,00000000
8.014,5676,5503,897.692,-162.027,-0.02270,00000000
8.030,5679,5500,897.692,-162.027,-0.01135,00000000
8.046,5682,5497,897.692,-162.027,-0.00000,00000000
8.061,5684,5494,897.470,-162.028,0.00946,00000000
8.077,5687,5491,897.470,-162.028,0.02081,00000000
8.093,5690,5488,897.470,-162.028,0.03216,00000000
8.108,5692,5484,897.026,-162.045,0.04351,00000000
8.124,5695,5481,897.026,-162.045,0.05486,00000000
8.139,5698,5477,896.804,-162.058,0.06810,00000000
8.155,5701,5474,896.804,-162.058,0.07945,00000000
8.171,5704,5471,896.804,-162.058,0.09080,00000000
8.186,5706,5468,896.583,-162.079,0.10026,00000000
8.202,5709,5465,896.583,-162.079,0.11161,00000000
8.217,5712,5462,896.583,-162.079,0.12296,00000000
8.233,5715,5458,896.362,-162.108,0.13621,00000000
8.249,5718,5455,896.362,-162.108,0.14756,00000000
8.264,5721,5452,896.362,-162.108,0.15891,00000000
8.280,5723,5449,896.143,-162.144,0.16837,00000000
8.296,5726,5446,896.143,-162.144,0.17972,00000000
8.311,5730,5443,896.361,-162.103,0.19296,00000000
8.327,5732,5439,895.926,-162.191,0.20431,00000000
8.342,5735,5436,895.926,-162.191,0.21566,00000000
8.358,5738,5435,896.360,-162.094,0.22323,00000000
8.374,5741,5439,897.877,-161.751,0.22134,00000000
8.389,5745,5444,899.829,-161.314,0.21944,00000000
8.405,5748,5449,901.566,-160.930,0.21566,00000000
8.421,5751,5455,903.521,-160.507,0.20999,00000000
8.436,5755,5461,905.696,-160.048,0.20620,00000000
8.452,5759,5468,908.091,-159.554,0.20053,00000000
8.468,5763,5476,910.707,-159.033,0.19296,00000000
8.483,5766,5483,912.890,-158.615,0.18539,00000000
8.499,5770,5489,915.075,-158.209,0.18161,00000000
8.514,5774,5496,917.481,-157.775,0.17593,00000000
8.530,5778,5502,919.671,-157.390,0.17215,00000000
8.546,5783,5509,922.300,-156.938,0.16837,00000000
8.561,5786,5515,924.273,-156.608,0.16269,00000000
8.577,5790,5521,926.467,-156.252,0.15891,00000000
8.593,5794,5526,928.443,-155.937,0.15702,00000000
8.608,5797,5532,930.419,-155.630,0.15134,00000000
8.624,5801,5538,932.617,-155.299,0.14756,00000000
8.639,5805,5543,934.596,-155.007,0.14567,00000000
8.655,5809,5548,936.576,-154.719,0.14377,00000000
8.671,5812,5554,938.557,-154.437,0.13810,00000000
8.686,5816,5560,940.759,-154.136,0.13432,00000000
8.702,5819,5566,942.742,-153.873,0.12864,00000000
8.717,5823,5572,944.947,-153.592,0.12486,00000000
8.733,5827,5578,947.153,-153.320,0.12107,00000000
8.749,5831,5583,949.139,-153.080,0.11918,00000000
8.764,5834,5589,951.126,-152.848,0.11351,00000000
8.780,5838,5595,953.335,-152.600,0.10972,00000000
8.796,5841,5601,955.325,-152.387,0.10405,00000000
8.811,5845,5607,957.536,-152.160,0.10026,00000010
8.827,5848,5613,959.527,-151.966,0.09459,00000010
8.842,5851,5619,961.519,-151.782,0.08891,00000010
8.858,5852,5621,962.183,-151.724,0.08702,00000010
8.874,5850,5618,961.076,-151.821,0.08891,00000010
8.889,5847,5614,959.526,-151.961,0.09080,00000010
8.905,5844,5610,957.977,-152.103,0.09270,00000010
8.921,5842,5607,956.870,-152.207,0.09459,00000010
8.936,5839,5603,955.322,-152.356,0.09648,00000010
8.952,5835,5598,953.331,-152.550,0.09837,00000000
8.968,5832,5593,951.561,-152.728,0.10216,00000000
8.983,5828,5589,949.792,-152.910,0.10216,00000000
8.999,5824,5584,947.802,-153.116,0.10405,00000000
9.014,5821,5579,946.034,-153.304,0.10783,00000000
9.030,5817,5575,944.266,-153.495,0.10783,00000000
9.046,5813,5571,942.498,-153.686,0.10783,00000000
9.061,5809,5566,940.509,-153.904,0.10972,00000000
9.077,5806,5562,938.963,-154.075,0.11161,00000000
9.093,5802,5558,937.196,-154.274,0.11161,00000000
9.108,5799,5554,935.650,-154.448,0.11351,00000000
9.124,5795,5550,933.883,-154.650,0.11351,00000000
9.139,5791,5546,932.116,-154.851,0.11351,00000000
9.155,5788,5542,930.570,-155.029,0.11540,00000000
9.171,5784,5538,928.804,-155.234,0.11540,00000000
9.186,5781,5535,927.479,-155.387,0.11540,00000000
9.202,5777,5531,925.713,-155.592,0.11540,00000000
9.218,5773,5527,923.946,-155.797,0.11540,00000000
9.233,5770,5523,922.401,-155.977,0.11729,00000000
9.249,5768,5520,921.297,-156.108,0.11918,00000000
9.264,5769,5516,920.635,-156.191,0.12864,00000000
9.280,5770,5512,919.974,-156.279,0.13810,00000000
9.296,5772,5509,919.754,-156.311,0.14756,00000000
9.311,5775,5506,919.754,-156.311,0.15891,00000000
9.327,5778,5503,919.754,-156.311,0.17026,00000000
9.343,5782,5499,919.754,-156.311,0.18539,00000000
9.358,5786,5497,920.191,-156.227,0.19674,00000000
9.374,5789,5494,920.191,-156.227,0.20809,00000000
9.389,5792,5491,920.191,-156.227,0.21944,00000000
9.405,5795,5488,920.191,-156.227,0.23080,00000000
9.421,5798,5485,920.191,-156.227,0.24215,00000000
9.436,5801,5481,919.975,-156.281,0.25539,00000000
9.452,5804,5478,919.975,-156.281,0.26674,00000000
9.467,5806,5474,919.547,-156.401,0.27809,00000000
9.483,5809,5471,919.547,-156.401,0.28944,00000000
9.499,5811,5467,919.122,-156.530,0.30079,00000000
9.514,5814,5464,919.122,-156.530,0.31214,00000000
9.530,5817,5460,918.911,-156.600,0.32538,00000000
9.546,5820,5457,918.911,-156.600,0.33673,00000000
9.561,5823,5453,918.701,-156.675,0.34998,00000000
9.577,5826,5450,918.701,-156.675,0.36133,00000000
9.592,5829,5447,918.701,-156.675,0.37268,00000000
9.608,5832,5444,918.701,-156.675,0.38403,00000000
9.624,5835,5441,918.701,-156.675,0.39538,00000000
9.639,5838,5437,918.497,-156.762,0.40862,00000000
9.655,5841,5434,918.497,-156.762,0.41997,00000000
9.671,5844,5431,918.497,-156.762,0.43132,00000000
9.686,5847,5428,918.497,-156.762,0.44267,00000000
9.702,5850,5425,918.497,-156.762,0.45402,00000000
9.718,5853,5421,918.298,-156.861,0.46727,00000000
9.733,5856,5418,918.298,-156.861,0.47862,00000000
9.749,5859,5415,918.298,-156.861,0.48997,00000000
9.764,5862,5412,918.298,-156.861,0.50132,00000000
9.780,5865,5408,918.104,-156.969,0.51456,00000000
9.796,5868,5405,918.104,-156.969,0.52591,00000000
9.811,5871,5402,918.104,-156.969,0.53726,00000000
9.827,5874,5399,918.104,-156.969,0.54861,00000000
9.843,5877,5395,917.915,-157.086,0.56185,00000000
9.858,5880,5392,917.915,-157.086,0.57321,00000000
9.874,5883,5389,917.915,-157.086,0.58456,00000000
9.889,5886,5386,917.915,-157.086,0.59591,00000000
9.905,5889,5382,917.732,-157.212,0.60915,00000000
9.921,5892,5379,917.732,-157.212,0.62050,00000000
9.936,5895,5376,917.732,-157.212,0.63185,00000000
9.952,5898,5373,917.732,-157.212,0.64320,00000000
9.967,5901,5369,917.555,-157.346,0.65644,00000000
9.983,5904,5366,917.555,-157.346,0.66779,00000000
9.999,5907,5364,917.728,-157.208,0.67725,00000000
10.014,5911,5367,918.940,-156.232,0.67914,00000000
10.030,5915,5372,920.498,-154.977,0.67725,00000000
10.046,5918,5377,921.886,-153.865,0.67347,00000000
10.061,5922,5383,923.626,-152.482,0.66969,00000000
10.077,5926,5389,925.371,-151.105,0.66590,00000000
10.093,5929,5396,927.124,-149.739,0.65833,00000000
10.108,5933,5404,929.240,-148.115,0.65077,00000000
10.124,5937,5411,931.190,-146.639,0.64509,00000000
10.139,5941,5418,933.148,-145.174,0.63942,00000000
10.155,5945,5424,934.934,-143.851,0.63563,00000000
10.171,5949,5430,936.725,-142.535,0.63185,00000000
10.186,5953,5436,938.522,-141.226,0.62807,00000000
10.202,5957,5442,940.323,-139.923,0.62428,00000000
10.218,5961,5448,942.129,-138.627,0.62050,00000000
10.233,5964,5454,943.760,-137.468,0.61482,00000000
10.249,5968,5459,945.395,-136.316,0.61293,00000000
10.264,5972,5465,947.215,-135.041,0.60915,00000000
10.280,5976,5471,949.041,-133.772,0.60537,00000000
10.296,5979,5477,950.689,-132.639,0.59969,00000000
10.311,5983,5483,952.526,-131.388,0.59591,00000000
10.327,5987,5489,954.368,-130.144,0.59212,00000000
10.342,5990,5495,956.032,-129.032,0.58645,00000000
10.358,5994,5501,957.885,-127.805,0.58266,00000000
10.374,5997,5507,959.559,-126.709,0.57699,00000000
10.389,6001,5513,961.424,-125.500,0.57321,00000000
10.405,6005,5519,963.294,-124.298,0.56942,00000000
10.421,6009,5524,964.980,-123.221,0.56753,00000000
10.436,6012,5530,966.670,-122.150,0.56185,00000000
10.452,6016,5536,968.553,-120.970,0.55807,00000000
10.467,6019,5542,970.253,-119.915,0.55240,00000000
10.483,6023,5548,972.148,-118.752,0.54861,00000000
10.499,6027,5554,974.046,-117.597,0.54483,00000000
10.514,6031,5560,975.950,-116.448,0.54105,00000000
10.530,6035,5566,977.857,-115.307,0.53726,00000000
10.545,6039,5572,979.769,-114.173,0.53348,00000000
10.561,6042,5578,981.494,-113.161,0.52780,00000000
10.577,6046,5584,983.417,-112.045,0.52402,00000000
10.592,6050,5590,985.343,-110.936,0.52024,00000000
10.608,6054,5595,987.080,-109.943,0.51834,00000000
10.624,6057,5601,988.821,-108.957,0.51267,00000000
10.639,6061,5607,990.760,-107.871,0.50889,00000000
10.655,6064,5613,992.510,-106.901,0.50321,00000000
10.671,6068,5619,994.459,-105.833,0.49943,00000000
10.686,6071,5625,996.218,-104.880,0.49375,00000000
10.702,6075,5631,998.177,-103.830,0.48997,00000000
10.717,6079,5637,1000.141,-102.787,0.48618,00000000
10.733,6082,5643,1001.912,-101.858,0.48051,00000000
10.749,6086,5649,1003.885,-100.834,0.47673,00000000
10.764,6089,5655,1005.665,-99.921,0.47105,00000000
10.780,6093,5661,1007.648,-98.916,0.46727,00000000
10.796,6097,5667,1009.634,-97.918,0.46348,00000000
10.811,6101,5673,1011.624,-96.929,0.45970,00000000
10.827,6104,5679,1013.420,-96.046,0.45402,00000010
10.842,6108,5684,1015.218,-95.170,0.45213,00000010
10.858,6111,5690,1017.020,-94.301,0.44646,00000010
10.874,6114,5693,1018.223,-93.726,0.44646,00000010
10.889,6112,5691,1017.421,-94.109,0.44646,00000010
10.905,6109,5688,1016.218,-94.685,0.44646,00000010
10.920,6107,5685,1015.216,-95.166,0.44835,00000010
10.936,6105,5681,1014.016,-95.747,0.45213,00000010
10.952,6102,5677,1012.617,-96.428,0.45402,00000010
10.967,6099,5673,1011.219,-97.111,0.45592,00000010
10.983,6095,5667,1009.225,-98.094,0.45970,00000000
10.999,6091,5662,1007.433,-98.983,0.46159,00000000
11.014,6087,5657,1005.643,-99.876,0.46348,00000000
11.030,6084,5652,1004.054,-100.674,0.46727,00000000
11.046,6080,5647,1002.268,-101.577,0.46916,00000000
11.061,6076,5642,1000.485,-102.483,0.47105,00000000
11.077,6072,5638,998.900,-103.290,0.47105,00000000
11.092,6068,5633,997.118,-104.199,0.47294,00000000
11.108,6065,5629,995.734,-104.909,0.47483,00000000
11.124,6062,5625,994.351,-105.622,0.47673,00000000
11.139,6059,5621,992.969,-106.337,0.47862,00000000
11.155,6056,5616,991.392,-107.159,0.48240,00000000
11.171,6053,5612,990.014,-107.883,0.48429,00000000
11.186,6049,5608,988.440,-108.711,0.48429,00000000
11.202,6046,5604,987.064,-109.436,0.48618,00000000
11.217,6043,5600,985.689,-110.165,0.48808,00000000
11.233,6039,5597,984.314,-110.893,0.48618,00000000
11.249,6036,5593,982.939,-111.621,0.48808,00000000
11.264,6034,5590,981.958,-112.143,0.48997,00000000
11.280,6035,5587,981.567,-112.354,0.49753,00000000
11.296,6036,5584,981.177,-112.568,0.50510,00000000
11.311,6038,5580,980.789,-112.785,0.51645,00000000
11.327,6040,5577,980.596,-112.896,0.52591,00000000
11.342,6044,5574,980.788,-112.783,0.53915,00000000
11.358,6048,5571,980.978,-112.667,0.55240,00000000
11.374,6051,5567,980.789,-112.785,0.56564,00000000
11.389,6055,5564,980.976,-112.665,0.57888,00000000
11.405,6058,5561,980.976,-112.665,0.59023,00000000
11.420,6061,5558,980.976,-112.665,0.60158,00000000
11.436,6064,5555,980.976,-112.665,0.61293,00000000
11.452,6067,5552,980.976,-112.665,0.62428,00000000
11.467,6070,5548,980.797,-112.796,0.63753,00000000
11.483,6073,5545,980.797,-112.796,0.64888,00000000
11.499,6075,5542,980.620,-112.931,0.65833,00000000
11.514,6078,5538,980.445,-113.068,0.67158,00000000
11.530,6080,5534,980.099,-113.347,0.68293,00000000
11.546,6083,5531,980.099,-113.347,0.69428,00000000
11.561,6086,5528,980.099,-113.347,0.70563,00000000
11.577,6089,5525,980.099,-113.347,0.71698,00000000
11.592,6092,5522,980.099,-113.347,0.72833,00000000
11.608,6094,5518,979.769,-113.645,0.73968,00000000
11.624,6097,5515,979.769,-113.645,0.75103,00000000
11.639,6100,5512,979.769,-113.645,0.76238,00000000
11.655,6102,5509,979.609,-113.799,0.77184,00000000
11.671,6105,5506,979.609,-113.799,0.78319,00000000
11.686,6107,5502,979.295,-114.115,0.79454,00000000
11.702,6109,5499,979.140,-114.274,0.80400,00000000
11.717,6112,5496,979.140,-114.274,0.81535,00000000
11.733,6115,5493,979.140,-114.274,0.82670,00000000
11.749,6118,5490,979.140,-114.274,0.83805,00000000
11.764,6121,5487,979.140,-114.274,0.84940,00000000
11.780,6124,5483,978.995,-114.442,0.86265,00000000
11.796,6127,5479,978.851,-114.612,0.87589,00000000
11.811,6130,5475,978.710,-114.783,0.88913,00000000
11.827,6133,5472,978.710,-114.783,0.90048,00000000
11.843,6136,5468,978.573,-114.958,0.91372,00000000
11.858,6139,5465,978.573,-114.958,0.92507,00000000
11.874,6143,5462,978.706,-114.780,0.93832,00000000
11.889,6146,5459,978.706,-114.780,0.94967,00000000
11.905,6149,5455,978.577,-114.961,0.96291,00000000
11.921,6152,5452,978.577,-114.961,0.97426,00000000
11.936,6155,5449,978.577,-114.961,0.98561,00000000
11.952,6158,5445,978.456,-115.148,0.99885,00000000
11.967,6161,5442,978.456,-115.148,1.01020,00000000
11.983,6164,5439,978.456,-115.148,1.02155,00000000
11.999,6166,5435,978.226,-115.528,1.03290,00000000
12.014,6169,5433,978.339,-115.337,1.04236,00000000
12.030,6173,5436,979.122,-113.992,1.04425,00000000
12.046,6176,5440,979.905,-112.648,1.04236,00000000
12.061,6179,5445,980.805,-111.114,1.03858,00000000
12.077,6183,5451,981.936,-109.200,1.03480,00000000
12.092,6187,5458,983.191,-107.102,1.02912,00000000
12.108,6191,5465,984.458,-105.010,1.02345,00000000
12.124,6195,5473,985.854,-102.738,1.01588,00000000
12.139,6199,5480,987.149,-100.663,1.01020,00000000
12.155,6203,5487,988.455,-98.596,1.00453,00000000
12.171,6207,5493,989.651,-96.723,1.00074,00000000
12.186,6211,5500,990.976,-94.668,0.99507,00000000
12.202,6215,5506,992.190,-92.806,0.99129,00000000
12.218,6219,5512,993.411,-90.948,0.98750,00000000
12.233,6223,5518,994.638,-89.095,0.98372,00000000
12.249,6227,5524,995.873,-87.247,0.97993,00000000
12.264,6231,5529,996.989,-85.586,0.97804,00000000
12.280,6235,5535,998.234,-83.745,0.97426,00000000
12.296,6239,5540,999.360,-82.091,0.97237,00000000
12.311,6243,5545,1000.488,-80.439,0.97048,00000000
12.327,6246,5551,1001.623,-78.792,0.96480,00000000
12.342,6250,5557,1002.893,-76.967,0.96102,00000000
12.358,6253,5563,1004.043,-75.331,0.95534,00000000
12.374,6257,5569,1005.330,-73.518,0.95156,00000000
12.390,6262,5574,1006.620,-71.708,0.95156,00000000
12.405,6266,5580,1007.914,-69.900,0.94777,00000000
12.421,6270,5586,1009.214,-68.098,0.94399,00000000
12.436,6274,5591,1010.389,-66.478,0.94210,00000000
12.452,6277,5597,1011.570,-64.864,0.93642,00000000
12.468,6281,5602,1012.757,-63.254,0.93453,00000000
12.483,6285,5608,1014.081,-61.468,0.93075,00000000
12.499,6289,5614,1015.412,-59.688,0.92697,00000000
12.514,6293,5620,1016.750,-57.913,0.92318,00000000
12.530,6297,5625,1017.958,-56.318,0.92129,00000000
12.546,6301,5632,1019.443,-54.375,0.91561,00000000
12.561,6305,5638,1020.800,-52.615,0.91183,00000000
12.577,6309,5644,1022.165,-50.860,0.90805,00000000
12.592,6313,5650,1023.536,-49.111,0.90426,00000000
12.608,6317,5655,1024.774,-47.539,0.90237,00000000
12.624,6321,5661,1026.155,-45.798,0.89859,00000000
12.639,6325,5667,1027.542,-44.061,0.89481,00000000
12.655,6329,5673,1028.936,-42.330,0.89102,00000000
12.671,6333,5679,1030.337,-40.604,0.88724,00000000
12.686,6336,5685,1031.605,-39.056,0.88156,00000000
12.702,6340,5690,1032.879,-37.513,0.87967,00000000
12.717,6344,5696,1034.299,-35.803,0.87589,00000000
12.733,6348,5702,1035.725,-34.099,0.87210,00000000
12.749,6352,5708,1037.158,-32.399,0.86832,00000000
12.764,6356,5713,1038.452,-30.874,0.86643,00000000
12.780,6359,5719,1039.752,-29.353,0.86075,00000000
12.796,6363,5725,1041.204,-27.670,0.85697,00000000
12.811,6367,5731,1042.663,-25.993,0.85319,00000000
12.827,6371,5736,1043.980,-24.487,0.85129,00000000
12.842,6374,5742,1045.302,-22.986,0.84562,00000000
12.858,6377,5747,1046.484,-21.657,0.84184,00000000
12.874,6381,5753,1047.968,-20.002,0.83805,00000000
12.889,6384,5758,1049.160,-18.682,0.83427,00000000
12.905,6388,5764,1050.656,-17.039,0.83049,00000000
12.921,6392,5769,1052.007,-15.563,0.82859,00000000
12.936,6395,5775,1053.363,-14.092,0.82292,00000000
12.952,6399,5781,1054.878,-12.466,0.81913,00000000
12.967,6403,5787,1056.399,-10.845,0.81535,00000000
12.983,6407,5793,1057.926,-9.229,0.81157,00000000
12.999,6411,5799,1059.459,-7.620,0.80778,00000000
13.014,6415,5805,1060.998,-6.016,0.80400,00000000
13.030,6419,5811,1062.544,-4.418,0.80022,00000000
13.045,6423,5817,1064.095,-2.826,0.79643,00000000
13.061,6427,5823,1065.652,-1.240,0.79265,00000000
13.077,6431,5829,1067.216,0.340,0.78887,00000000
13.093,6435,5835,1068.785,1.914,0.78508,00000000
13.108,6439,5841,1070.360,3.482,0.78130,00000000
13.124,6443,5847,1071.941,5.045,0.77752,00000000
13.139,6447,5853,1073.528,6.601,0.77373,00000000
13.155,6451,5859,1075.121,8.151,0.76995,00000000
13.171,6455,5865,1076.720,9.696,0.76617,00000000
13.186,6459,5870,1078.163,11.081,0.76427,00000000
13.202,6463,5876,1079.771,12.617,0.76049,00000000
13.218,6467,5882,1081.384,14.146,0.75671,00000000
13.233,6471,5888,1083.003,15.669,0.75292,00000000
13.249,6474,5894,1084.467,17.032,0.74725,00000000
13.264,6478,5900,1086.100,18.540,0.74346,00000000
13.280,6482,5907,1087.905,20.190,0.73779,00000000
13.296,6485,5913,1089.389,21.531,0.73211,00000000
13.311,6489,5918,1090.878,22.867,0.73022,00000000
13.327,6493,5924,1092.537,24.347,0.72644,00000000
13.342,6497,5930,1094.201,25.820,0.72265,00000000
13.358,6501,5936,1095.871,27.287,0.71887,00000000
13.374,6505,5941,1097.378,28.603,0.71698,00000000
13.389,6509,5947,1099.056,30.060,0.71320,00000000
13.405,6513,5953,1100.740,31.512,0.70941,00000000
13.421,6517,5959,1102.430,32.956,0.70563,00000000
13.436,6522,5965,1104.292,34.540,0.70374,00000000
13.452,6525,5971,1105.821,35.830,0.69806,00000000
13.467,6529,5977,1107.527,37.256,0.69428,00000000
13.483,6533,5983,1109.238,38.675,0.69049,00000000
13.499,6538,5989,1111.124,40.230,0.68860,00000000
13.514,6542,5996,1113.017,41.779,0.68293,00000000
13.530,6546,6001,1114.570,43.040,0.68104,00000000
13.546,6550,6007,1116.299,44.436,0.67725,00000000
13.561,6554,6013,1118.034,45.826,0.67347,00000000
13.577,6558,6019,1119.774,47.209,0.66969,00000000
13.592,6562,6025,1121.520,48.585,0.66590,00000000
13.608,6566,6030,1123.094,49.820,0.66401,00000000
13.624,6570,6036,1124.847,51.186,0.66023,00000000
13.639,6573,6041,1126.254,52.274,0.65644,00000000
13.655,6577,6047,1128.017,53.627,0.65266,00000000
13.671,6581,6053,1129.786,54.974,0.64888,00000000
13.686,6585,6059,1131.559,56.314,0.64509,00000000
13.702,6590,6065,1133.514,57.782,0.64320,00000000
13.717,6594,6071,1135.295,59.112,0.63942,00000000
13.733,6598,6077,1137.082,60.435,0.63563,00000000
13.749,6602,6083,1138.873,61.751,0.63185,00000000
13.764,6605,6089,1140.491,62.928,0.62617,00000000
13.780,6610,6095,1142.473,64.359,0.62428,00000000
13.796,6614,6101,1144.279,65.655,0.62050,00000000
13.811,6618,6107,1146.090,66.944,0.61672,00000000
13.827,6622,6112,1147.723,68.100,0.61482,00000000
13.842,6626,6118,1149.541,69.378,0.61104,00000000
13.858,6629,6124,1151.183,70.522,0.60537,00000000
13.874,6634,6130,1153.195,71.911,0.60347,00000000
13.889,6637,6136,1154.845,73.042,0.59780,00000000
13.905,6641,6141,1156.500,74.166,0.59591,00000000
13.920,6645,6147,1158.342,75.410,0.59212,00000000
13.936,6649,6152,1160.003,76.525,0.59023,00000000
13.952,6653,6158,1161.852,77.759,0.58645,00000000
13.967,6657,6163,1163.520,78.864,0.58456,00000000
13.983,6661,6169,1165.376,80.087,0.58077,00000000
13.999,6665,6174,1167.049,81.183,0.57888,00000000
14.014,6669,6180,1168.912,82.396,0.57510,00000000
14.030,6673,6186,1170.780,83.602,0.57131,00000000
14.046,6677,6192,1172.652,84.800,0.56753,00000000
14.061,6680,6198,1174.342,85.871,0.56185,00000000
14.077,6684,6204,1176.225,87.051,0.55807,00000000
14.092,6688,6210,1178.113,88.225,0.55429,00000000
14.108,6692,6216,1180.005,89.391,0.55050,00000000
14.124,6696,6222,1181.902,90.550,0.54672,00000000
14.139,6700,6228,1183.803,91.702,0.54294,00000000
14.155,6704,6234,1185.708,92.847,0.53915,00000000
14.171,6708,6241,1187.810,94.097,0.53348,00000000
14.186,6711,6247,1189.535,95.109,0.52780,00000000
14.202,6715,6253,1191.458,96.225,0.52402,00000000
14.217,6719,6259,1193.384,97.333,0.52024,00000000
14.233,6722,6265,1195.123,98.323,0.51456,00000000
14.249,6726,6271,1197.060,99.413,0.51078,00000000
14.264,6729,6277,1198.808,100.386,0.50510,00000000
14.280,6733,6282,1200.560,101.353,0.50321,00000000
14.295,6737,6288,1202.509,102.421,0.49943,00000000
14.311,6741,6294,1204.462,103.482,0.49564,00000000
14.327,6744,6300,1206.225,104.428,0.48997,00000000
14.342,6748,6306,1208.188,105.471,0.48618,00000000
14.358,6752,6312,1210.155,106.505,0.48240,00000000
14.374,6755,6318,1211.930,107.429,0.47673,00000000
14.389,6759,6324,1213.907,108.445,0.47294,00000000
14.405,6763,6330,1215.888,109.454,0.46916,00000000
14.421,6767,6335,1217.673,110.356,0.46727,00000000
14.436,6771,6341,1219.660,111.354,0.46348,00000000
14.452,6775,6346,1221.450,112.247,0.46159,00000000
14.467,6779,6352,1223.442,113.233,0.45781,00000000
14.483,6782,6359,1225.440,114.208,0.45024,00000000
14.499,6786,6364,1227.242,115.077,0.44835,00000000
14.514,6790,6370,1229.247,116.036,0.44456,00000000
14.530,6794,6376,1231.255,116.988,0.44078,00000000
14.546,6798,6381,1233.065,117.840,0.43889,00000000
14.561,6802,6387,1235.079,118.781,0.43511,00000000
14.577,6806,6392,1236.894,119.623,0.43321,00000000
14.592,6809,6398,1238.712,120.457,0.42754,00000000
14.608,6813,6404,1240.737,121.375,0.42376,00000000
14.624,6817,6410,1242.765,122.285,0.41997,00000000
14.639,6821,6416,1244.796,123.188,0.41619,00000000
14.655,6825,6421,1246.627,123.995,0.41430,00000000
14.670,6829,6427,1248.663,124.886,0.41051,00000000
14.686,6832,6433,1250.500,125.679,0.40484,00000000
14.702,6836,6439,1252.544,126.550,0.40105,00000000
14.717,6840,6445,1254.592,127.414,0.39727,00000000
14.733,6844,6451,1256.644,128.271,0.39349,00000000
14.749,6848,6456,1258.492,129.036,0.39160,00000000
14.764,6852,6463,1260.755,129.963,0.38592,00000000
14.780,6856,6469,1262.816,130.795,0.38214,00000000
14.796,6860,6474,1264.673,131.540,0.38024,00000000
14.811,6863,6480,1266.532,132.277,0.37457,00000000
14.827,6867,6486,1268.603,133.086,0.37079,00000000
14.842,6871,6491,1270.468,133.809,0.36889,00000000
14.858,6875,6497,1272.543,134.607,0.36511,00000000
14.874,6878,6502,1274.205,135.239,0.36133,00000000
14.889,6882,6508,1276.286,136.021,0.35754,00000000
14.905,6886,6514,1278.370,136.795,0.35376,00000000
14.921,6890,6520,1280.456,137.561,0.34998,00000000
14.936,6894,6527,1282.755,138.393,0.34430,00000000
14.952,6898,6533,1284.849,139.139,0.34052,00000000
14.967,6902,6539,1286.946,139.877,0.33673,00000000
14.983,6906,6545,1289.045,140.608,0.33295,00000000
14.999,6910,6551,1291.147,141.330,0.32917,00000000
15.014,6914,6556,1293.041,141.975,0.32728,00000000
15.030,6917,6562,1294.937,142.613,0.32160,00000000
15.045,6921,6567,1296.836,143.243,0.31971,00000000
15.061,6925,6573,1298.947,143.938,0.31592,00000000
15.077,6929,6579,1301.061,144.625,0.31214,00000000
15.092,6933,6584,1302.966,145.237,0.31025,00000000
15.108,6937,6590,1305.084,145.912,0.30647,00000000
15.124,6941,6596,1307.204,146.578,0.30268,00000000
15.139,6945,6602,1309.327,147.237,0.29890,00000000
15.155,6949,6607,1311.240,147.824,0.29701,00000000
15.170,6953,6613,1313.367,148.471,0.29322,00000000
15.186,6956,6618,1315.070,148.982,0.28944,00000000
15.202,6960,6624,1317.201,149.612,0.28566,00000000
15.217,6964,6629,1319.121,150.174,0.28376,00000000
15.233,6968,6635,1321.256,150.792,0.27998,00000000
15.249,6972,6641,1323.394,151.402,0.27620,00000000
15.264,6976,6647,1325.534,152.004,0.27241,00000000
15.280,6980,6653,1327.676,152.598,0.26863,00000000
15.296,6984,6659,1329.820,153.184,0.26485,00000000
15.311,6988,6665,1331.966,153.762,0.26106,00000000
15.327,6992,6670,1333.899,154.277,0.25917,00000000
15.342,6996,6676,1336.049,154.842,0.25539,00000000
15.358,7000,6683,1338.417,155.453,0.24971,00000000
15.374,7004,6689,1340.572,155.999,0.24593,00000000
15.389,7008,6695,1342.729,156.536,0.24215,00000000
15.405,7011,6701,1344.672,157.010,0.23647,00000000
15.421,7015,6707,1346.834,157.526,0.23269,00000000
15.436,7018,6713,1348.782,157.982,0.22701,00000000
15.452,7022,6719,1350.949,158.478,0.22323,00000000
15.467,7025,6724,1352.684,158.869,0.21944,00000000
15.483,7029,6730,1354.854,159.349,0.21566,00000000
15.499,7033,6735,1356.809,159.775,0.21377,00000000
15.514,7037,6741,1358.982,160.242,0.20999,00000000
15.530,7041,6747,1361.157,160.702,0.20620,00000000
15.545,7044,6753,1363.116,161.106,0.20053,00000000
15.561,7048,6759,1365.295,161.544,0.19674,00000000
15.577,7051,6764,1367.040,161.889,0.19296,00000000
15.592,7055,6770,1369.222,162.311,0.18918,00000000
15.608,7058,6775,1370.969,162.642,0.18539,00000000
15.624,7062,6781,1373.155,163.047,0.18161,00000000
15.639,7066,6786,1375.123,163.407,0.17972,00000000
15.655,7069,6792,1377.092,163.759,0.17404,00000000
15.671,7073,6798,1379.282,164.140,0.17026,00000000
15.686,7076,6804,1381.255,164.473,0.16458,00000000
15.702,7080,6810,1383.448,164.833,0.16080,00000000
15.717,7083,6816,1385.424,165.148,0.15512,00000000
15.733,7087,6822,1387.620,165.487,0.15134,00000000
15.749,7091,6828,1389.818,165.818,0.14756,00000000
15.764,7095,6834,1392.018,166.141,0.14377,00000000
15.780,7099,6840,1394.218,166.455,0.13999,00000000
15.796,7102,6845,1395.980,166.700,0.13621,00000000
15.811,7106,6851,1398.182,166.997,0.13242,00000000
15.827,7109,6857,1400.166,167.256,0.12675,00000010
15.843,7113,6862,1402.151,167.507,0.12486,00000010
15.858,7117,6867,1404.136,167.754,0.12296,00000010
15.874,7119,6869,1405.018,167.863,0.12296,00000010
15.889,7117,6867,1404.136,167.754,0.12296,00000010
15.905,7114,6864,1402.812,167.591,0.12296,00000010
15.920,7111,6860,1401.268,167.398,0.12486,00000010
15.936,7109,6856,1399.945,167.230,0.12864,00000010
15.952,7106,6851,1398.182,166.998,0.13242,00000010
15.968,7102,6846,1396.199,166.732,0.13432,00000000
15.983,7099,6841,1394.438,166.491,0.13810,00000000
15.999,7095,6836,1392.456,166.213,0.13999,00000000
16.014,7091,6831,1390.476,165.932,0.14188,00000000
16.030,7088,6827,1388.936,165.711,0.14377,00000000
16.045,7084,6822,1386.956,165.422,0.14567,00000000
16.061,7080,6818,1385.197,165.164,0.14567,00000000
16.077,7077,6814,1383.657,164.937,0.14756,00000000
16.092,7073,6810,1381.898,164.676,0.14756,00000000
16.108,7070,6806,1380.360,164.445,0.14945,00000000
16.124,7066,6802,1378.601,164.181,0.14945,00000000
16.139,7063,6798,1377.063,163.947,0.15134,00000000
16.155,7059,6794,1375.305,163.679,0.15134,00000000
16.171,7056,6790,1373.767,163.443,0.15323,00000000
16.186,7052,6786,1372.009,163.172,0.15323,00000000
16.202,7049,6781,1370.252,162.897,0.15702,00000000
16.217,7045,6777,1368.496,162.619,0.15702,00000000
16.233,7042,6773,1366.959,162.374,0.15891,00000000
16.249,7040,6769,1365.643,162.161,0.16269,00000000
16.264,7041,6766,1365.205,162.087,0.17026,00000000
16.280,7042,6763,1364.767,162.010,0.17783,00000000
16.296,7044,6759,1364.330,161.929,0.18918,00000000
16.311,7047,6756,1364.330,161.929,0.20053,00000000
16.327,7051,6753,1364.547,161.975,0.21377,00000000
16.342,7055,6750,1364.764,162.023,0.22701,00000000
16.358,7058,6746,1364.548,161.972,0.24025,00000000
16.374,7062,6743,1364.763,162.026,0.25350,00000000
16.389,7066,6740,1364.978,162.083,0.26674,00000000
16.405,7070,6738,1365.406,162.203,0.27809,00000000
16.420,7073,6735,1365.406,162.203,0.28944,00000000
16.436,7076,6731,1365.194,162.138,0.30268,00000000
16.452,7079,6728,1365.194,162.138,0.31403,00000000
16.467,7082,6725,1365.194,162.138,0.32538,00000000
16.483,7085,6721,1364.984,162.066,0.33863,00000000
16.499,7088,6718,1364.984,162.066,0.34998,00000000
16.514,7091,6714,1364.775,161.988,0.36322,00000000
16.530,7094,6711,1364.775,161.988,0.37457,00000000
16.546,7097,6708,1364.775,161.988,0.38592,00000000
16.561,7099,6704,1364.364,161.818,0.39727,00000000
16.577,7102,6701,1364.364,161.818,0.40862,00000000
16.592,7104,6697,1363.957,161.639,0.41997,00000000
16.608,7107,6694,1363.957,161.639,0.43132,00000000
16.624,7110,6691,1363.957,161.639,0.44267,00000000
16.639,7112,6687,1363.557,161.447,0.45402,00000000
16.655,7115,6685,1363.756,161.545,0.46348,00000000
16.671,7117,6681,1363.360,161.344,0.47483,00000000
16.686,7119,6678,1363.162,161.242,0.48429,00000000
16.702,7122,6675,1363.162,161.242,0.49564,00000000
16.717,7125,6672,1363.162,161.242,0.50699,00000000
16.733,7128,6669,1363.162,161.242,0.51834,00000000
16.749,7131,6666,1363.162,161.242,0.52969,00000000
16.764,7134,6663,1363.162,161.242,0.54105,00000000
16.780,7138,6660,1363.352,161.357,0.55429,00000000
16.795,7141,6657,1363.352,161.357,0.56564,00000000
16.811,7144,6653,1363.165,161.237,0.57888,00000000
16.827,7147,6650,1363.165,161.237,0.59023,00000000
16.842,7150,6647,1363.165,161.237,0.60158,00000000
16.858,7152,6643,1362.800,160.983,0.61293,00000000
16.874,7155,6640,1362.800,160.983,0.62428,00000000
16.889,7158,6637,1362.800,160.983,0.63563,00000000
16.905,7161,6634,1362.800,160.983,0.64698,00000000
16.921,7163,6631,1362.623,160.848,0.65644,00000000
16.936,7166,6627,1362.448,160.712,0.66969,00000000
16.952,7168,6624,1362.275,160.573,0.67914,00000000
16.967,7171,6621,1362.275,160.573,0.69049,00000000
16.983,7173,6618,1362.104,160.430,0.69995,00000000
16.999,7176,6615,1362.104,160.430,0.71130,00000000
17.014,7179,6614,1362.440,160.722,0.71887,00000000
17.030,7182,6618,1363.611,161.746,0.71698,00000000
17.046,7185,6623,1364.954,162.911,0.71320,00000000
17.061,7189,6628,1366.468,164.219,0.71130,00000000
17.077,7192,6634,1367.987,165.521,0.70563,00000000
17.092,7196,6641,1369.853,167.101,0.69995,00000000
17.108,7200,6648,1371.728,168.671,0.69428,00000000
17.124,7203,6656,1373.614,170.226,0.68482,00000000
17.139,7207,6663,1375.513,171.768,0.67914,00000000
17.155,7211,6670,1377.419,173.298,0.67347,00000000
17.170,7215,6677,1379.335,174.818,0.66779,00000000
17.186,7219,6683,1381.083,176.191,0.66401,00000000
17.202,7223,6690,1383.013,177.692,0.65833,00000000
17.217,7227,6696,1384.774,179.049,0.65455,00000000
17.233,7230,6702,1386.364,180.262,0.64888,00000000
17.249,7234,6707,1387.959,181.470,0.64698,00000000
17.264,7238,6713,1389.735,182.806,0.64320,00000000
17.280,7242,6718,1391.337,184.004,0.64131,00000000
17.295,7245,6724,1392.944,185.197,0.63563,00000000
17.311,7249,6730,1394.735,186.513,0.63185,00000000
17.327,7252,6736,1396.353,187.690,0.62617,00000000
17.342,7256,6742,1398.156,188.989,0.62239,00000000
17.358,7260,6747,1399.783,190.154,0.62050,00000000
17.374,7264,6753,1401.594,191.443,0.61672,00000000
17.389,7267,6759,1403.229,192.595,0.61104,00000000
17.405,7271,6766,1405.236,193.993,0.60537,00000000
17.421,7275,6772,1407.066,195.254,0.60158,00000000
17.436,7279,6778,1408.901,196.509,0.59780,00000000
17.452,7283,6784,1410.740,197.756,0.59401,00000000
17.467,7287,6790,1412.585,198.997,0.59023,00000000
17.483,7291,6795,1414.248,200.109,0.58834,00000000
17.499,7295,6801,1416.099,201.339,0.58456,00000000
17.514,7299,6807,1417.955,202.562,0.58077,00000000
17.530,7303,6813,1419.816,203.778,0.57699,00000000
17.546,7307,6819,1421.681,204.987,0.57321,00000000
17.561,7310,6824,1423.177,205.948,0.56942,00000000
17.577,7313,6830,1424.865,207.022,0.56375,00000000
17.592,7317,6836,1426.746,208.206,0.55996,00000000
17.608,7320,6842,1428.444,209.264,0.55429,00000000
17.624,7324,6848,1430.336,210.431,0.55050,00000000
17.639,7328,6854,1432.233,211.590,0.54672,00000000
17.655,7332,6860,1434.134,212.742,0.54294,00000000
17.670,7335,6866,1435.850,213.771,0.53726,00000000
17.686,7339,6872,1437.762,214.905,0.53348,00000000
17.702,7343,6878,1439.678,216.031,0.52969,00000000
17.717,7347,6884,1441.598,217.151,0.52591,00000000
17.733,7351,6890,1443.523,218.263,0.52213,00000000
17.749,7355,6896,1445.451,219.368,0.51834,00000000
17.764,7359,6901,1447.190,220.357,0.51645,00000000
17.780,7362,6907,1448.932,221.340,0.51078,00000000
17.796,7366,6913,1450.874,222.423,0.50699,00000000
17.811,7370,6919,1452.819,223.499,0.50321,00000000
17.827,7374,6925,1454.768,224.567,0.49943,00000000
17.842,7378,6930,1456.525,225.524,0.49753,00000000
17.858,7382,6936,1458.481,226.581,0.49375,00000000
17.874,7385,6942,1460.245,227.524,0.48808,00000000
17.889,7389,6948,1462.210,228.563,0.48429,00000000
17.905,7393,6953,1463.982,229.492,0.48240,00000000
17.921,7396,6959,1465.756,230.415,0.47673,00000000
17.936,7400,6965,1467.733,231.432,0.47294,00000000
17.952,7404,6970,1469.515,232.341,0.47105,00000010
17.967,7407,6976,1471.300,233.244,0.46537,00000010
17.983,7411,6982,1473.289,234.238,0.46159,00000010
17.999,7412,6984,1473.886,234.534,0.45970,00000010
18.014,7410,6982,1473.089,234.140,0.45970,00000010
18.030,7407,6979,1471.894,233.548,0.45970,00000010
18.045,7404,6975,1470.500,232.856,0.46159,00000010
18.061,7401,6971,1469.108,232.162,0.46348,00000010
18.077,7398,6967,1467.717,231.465,0.46537,00000010
18.092,7395,6962,1466.129,230.664,0.46916,00000000
18.108,7391,6956,1464.148,229.655,0.47294,00000000
18.124,7386,6951,1462.169,228.643,0.47294,00000000
18.139,7383,6945,1460.391,227.726,0.47862,00000000
18.155,7379,6941,1458.813,226.907,0.47862,00000000
18.170,7375,6936,1457.038,225.984,0.48051,00000000
18.186,7371,6931,1455.265,225.058,0.48240,00000000
18.202,7368,6927,1453.887,224.335,0.48429,00000000
18.217,7365,6923,1452.510,223.609,0.48618,00000000
18.233,7361,6918,1450.743,222.673,0.48808,00000000
18.249,7358,6914,1449.369,221.942,0.48997,00000000
18.264,7354,6911,1447.995,221.211,0.48808,00000000
18.280,7351,6907,1446.622,220.480,0.48997,00000000
18.296,7347,6903,1445.053,219.643,0.48997,00000000
18.311,7344,6899,1443.681,218.910,0.49186,00000000
18.327,7341,6895,1442.310,218.173,0.49375,00000000
18.342,7337,6891,1440.744,217.331,0.49375,00000000
18.358,7334,6887,1439.374,216.592,0.49564,00000000
18.374,7333,6883,1438.398,216.061,0.50132,00000000
18.389,7334,6879,1437.815,215.737,0.51078,00000000
18.405,7336,6876,1437.622,215.628,0.52024,00000000
18.420,7337,6872,1437.044,215.294,0.52969,00000000
18.436,7339,6868,1436.662,215.067,0.54105,00000000
18.452,7342,6865,1436.662,215.067,0.55240,00000000
18.467,7346,6861,1436.662,215.067,0.56753,00000000
18.483,7350,6858,1436.849,215.187,0.58077,00000000
18.499,7354,6856,1437.219,215.433,0.59212,00000000
18.514,7357,6852,1437.035,215.308,0.60537,00000000
18.530,7360,6849,1437.035,215.308,0.61672,00000000
18.545,7363,6846,1437.035,215.308,0.62807,00000000
18.561,7366,6843,1437.035,215.308,0.63942,00000000
18.577,7369,6839,1436.858,215.174,0.65266,00000000
18.592,7373,6836,1437.034,215.311,0.66590,00000000
18.608,7375,6833,1436.860,215.172,0.67536,00000000
18.624,7378,6829,1436.687,215.032,0.68860,00000000
18.639,7381,6826,1436.687,215.032,0.69995,00000000
18.655,7384,6822,1436.518,214.888,0.71320,00000000
18.671,7387,6819,1436.518,214.888,0.72455,00000000
18.686,7390,6816,1436.518,214.888,0.73590,00000000
18.702,7393,6812,1436.354,214.738,0.74914,00000000
18.717,7397,6809,1436.516,214.890,0.76238,00000000
18.733,7400,6806,1436.516,214.890,0.77373,00000000
18.749,7403,6802,1436.358,214.734,0.78697,00000000
18.764,7406,6799,1436.358,214.734,0.79833,00000000
18.780,7409,6795,1436.204,214.574,0.81157,00000000
18.796,7412,6791,1436.052,214.411,0.82481,00000000
18.811,7415,6788,1436.052,214.411,0.83616,00000000
18.827,7417,6785,1435.904,214.246,0.84562,00000000
18.842,7420,6781,1435.757,214.078,0.85886,00000000
18.858,7423,6777,1435.613,213.909,0.87210,00000000
18.874,7426,6774,1435.613,213.909,0.88345,00000000
18.889,7429,6771,1435.613,213.909,0.89481,00000000
18.905,7432,6768,1435.613,213.909,0.90616,00000000
18.920,7435,6765,1435.613,213.909,0.91751,00000000
18.936,7438,6762,1435.613,213.909,0.92886,00000000
18.952,7441,6759,1435.613,213.909,0.94021,00000000
18.967,7444,6756,1435.613,213.909,0.95156,00000000
18.983,7447,6753,1435.613,213.909,0.96291,00000000
18.999,7449,6750,1435.487,213.726,0.97237,00000000
19.014,7452,6746,1435.363,213.542,0.98561,00000000
19.030,7455,6743,1435.363,213.542,0.99696,00000000
19.046,7458,6740,1435.363,213.542,1.00831,00000000
19.061,7460,6737,1435.246,213.353,1.01777,00000000
19.077,7463,6734,1435.246,213.353,1.02912,00000000
19.092,7466,6731,1435.246,213.353,1.04047,00000000
19.108,7469,6727,1435.134,213.160,1.05371,00000000
19.124,7472,6727,1435.462,213.741,1.05939,00000000
19.139,7476,6730,1436.223,215.099,1.06128,00000000
19.155,7479,6735,1437.093,216.649,1.05750,00000000
19.171,7482,6740,1437.969,218.197,1.05371,00000000
19.186,7486,6746,1439.072,220.127,1.04993,00000000
19.202,7489,6752,1440.072,221.859,1.04425,00000000
19.217,7493,6760,1441.421,224.160,1.03669,00000000
19.233,7497,6767,1442.672,226.261,1.03101,00000000
19.249,7501,6774,1443.934,228.355,1.02534,00000000
19.264,7505,6781,1445.209,230.442,1.01966,00000000
19.280,7509,6787,1446.377,232.333,1.01588,00000000
19.295,7513,6793,1447.551,234.221,1.01209,00000000
19.311,7517,6799,1448.733,236.103,1.00831,00000000
19.327,7521,6804,1449.802,237.794,1.00642,00000000
19.342,7525,6810,1450.994,239.670,1.00264,00000000
19.358,7529,6816,1452.194,241.542,0.99885,00000000
19.374,7533,6821,1453.278,243.223,0.99696,00000000
19.389,7537,6826,1454.366,244.902,0.99507,00000000
19.405,7541,6832,1455.579,246.764,0.99129,00000000
19.421,7545,6838,1456.800,248.622,0.98750,00000000
19.436,7549,6844,1458.028,250.475,0.98372,00000000
19.452,7553,6850,1459.263,252.323,0.97993,00000000
19.467,7557,6856,1460.505,254.167,0.97615,00000000
19.483,7561,6861,1461.627,255.823,0.97426,00000000
19.499,7565,6867,1462.879,257.659,0.97048,00000000
19.514,7569,6873,1464.138,259.491,0.96669,00000000
19.530,7573,6879,1465.404,261.318,0.96291,00000000
19.546,7577,6885,1466.677,263.140,0.95913,00000000
19.561,7581,6891,1467.957,264.958,0.95534,00000000
19.577,7585,6896,1469.114,266.590,0.95345,00000000
19.592,7589,6902,1470.404,268.400,0.94967,00000000
19.608,7593,6908,1471.701,270.205,0.94588,00000000
19.624,7597,6914,1473.005,272.006,0.94210,00000000
19.639,7601,6921,1474.448,273.979,0.93642,00000000
19.655,7605,6927,1475.769,275.767,0.93264,00000000
19.670,7609,6933,1477.097,277.550,0.92886,00000000
19.686,7613,6938,1478.296,279.151,0.92697,00000000
19.702,7617,6944,1479.634,280.926,0.92318,00000000
19.717,7621,6949,1480.842,282.521,0.92129,00000000
19.733,7624,6955,1482.056,284.110,0.91561,00000011
19.749,7627,6959,1483.006,285.343,0.91372,00000011
19.764,7629,6963,1483.822,286.398,0.90994,00000011
19.780,7629,6965,1484.096,286.748,0.90616,00000011
19.795,7627,6967,1484.096,286.748,0.89859,00000011
19.811,7624,6965,1483.403,285.879,0.89670,00000011
19.827,7621,6962,1482.570,284.837,0.89670,00000011
19.842,7619,6958,1481.740,283.794,0.90048,00000010
19.858,7616,6955,1480.911,282.748,0.90048,00000000
19.874,7613,6951,1479.946,281.528,0.90237,00000000
19.889,7610,6947,1478.983,280.306,0.90426,00000000
19.905,7607,6943,1478.022,279.082,0.90616,00000000
19.921,7603,6939,1476.925,277.683,0.90616,00000000
19.936,7600,6935,1475.966,276.457,0.90805,00000000
19.952,7597,6931,1475.010,275.229,0.90994,00000000
19.967,7593,6927,1473.919,273.826,0.90994,00000000
19.983,7590,6923,1472.965,272.596,0.91183,00000000
19.999,7586,6919,1471.876,271.190,0.91183,00000000
20.014,7582,6915,1470.787,269.784,0.91183,00000000
20.030,7579,6911,1469.836,268.553,0.91372,00000000
20.046,7575,6907,1468.750,267.145,0.91372,00000000
20.061,7572,6903,1467.800,265.912,0.91561,00000000
20.077,7568,6899,1466.717,264.502,0.91561,00000000
20.092,7564,6895,1465.633,263.092,0.91561,00000000
20.108,7561,6891,1464.686,261.858,0.91751,00000000
20.124,7557,6887,1463.606,260.446,0.91751,00000000
20.139,7553,6883,1462.525,259.033,0.91751,00000000
20.155,7551,6879,1461.716,257.973,0.92129,00000000
20.170,7553,6876,1461.583,257.795,0.93075,00000000
20.186,7554,6872,1461.187,257.258,0.94021,00000000
20.202,7556,6869,1461.057,257.078,0.94967,00000000
20.217,7559,6866,1461.057,257.078,0.96102,00000000
20.233,7562,6862,1460.931,256.895,0.97426,00000000
20.248,7565,6859,1460.931,256.895,0.98561,00000000
20.264,7569,6856,1461.052,257.081,0.99885,00000000
20.280,7573,6852,1461.052,257.081,1.01399,00000000
20.295,7576,6849,1461.052,257.081,1.02534,00000000
20.311,7579,6846,1461.052,257.081,1.03669,00000000
20.327,7582,6843,1461.052,257.081,1.04804,00000000
20.342,7584,6839,1460.832,256.695,1.05939,00000000
20.358,7587,6836,1460.832,256.695,1.07074,00000000
20.374,7589,6832,1460.621,256.304,1.08209,00000000
20.389,7592,6828,1460.518,256.107,1.09533,00000000
20.405,7594,6825,1460.417,255.909,1.10479,00000000
20.420,7597,6821,1460.319,255.709,1.11803,00000000
20.436,7600,6818,1460.319,255.709,1.12938,00000000
20.452,7603,6815,1460.319,255.709,1.14073,00000000
20.467,7606,6812,1460.319,255.709,1.15209,00000000
20.483,7609,6808,1460.230,255.506,1.16533,00000000
20.499,7612,6805,1460.230,255.506,1.17668,00000000
20.514,7615,6801,1460.146,255.300,1.18992,00000000
20.530,7618,6798,1460.146,255.300,1.20127,00000000
20.545,7621,6795,1460.146,255.300,1.21262,00000000
20.561,7624,6792,1460.146,255.300,1.22397,00000000
20.577,7627,6789,1460.146,255.300,1.23532,00000000
20.592,7630,6786,1460.146,255.300,1.24667,00000000
20.608,7632,6784,1460.146,255.300,1.25424,00000000
20.624,7635,6780,1460.078,255.088,1.26748,00000000
20.639,7638,6777,1460.078,255.088,1.27883,00000000
20.655,7641,6773,1460.016,254.875,1.29208,00000000
20.670,7643,6770,1459.955,254.661,1.30153,00000000
20.686,7646,6767,1459.955,254.661,1.31289,00000000
20.702,7648,6764,1459.900,254.446,1.32234,00000000
20.717,7651,6761,1459.900,254.446,1.33369,00000000
20.733,7653,6758,1459.849,254.229,1.34315,00000000
20.749,7656,6755,1459.849,254.229,1.35450,00000000
20.764,7659,6751,1459.802,254.012,1.36775,00000000
20.780,7661,6748,1459.758,253.794,1.37721,00000000
20.795,7664,6745,1459.758,253.794,1.38856,00000000
20.811,7667,6742,1459.758,253.794,1.39991,00000000
20.827,7669,6738,1459.685,253.355,1.41126,00000000
20.842,7672,6735,1459.685,253.355,1.42261,00000000
20.858,7674,6732,1459.654,253.136,1.43207,00000000
20.874,7677,6729,1459.654,253.136,1.44342,00000000
20.889,7680,6728,1459.708,253.577,1.45098,00000000
20.905,7683,6732,1459.896,255.121,1.44909,00000000
20.920,7686,6736,1460.086,256.666,1.44720,00000000
20.936,7689,6740,1460.279,258.210,1.44531,00000000
20.952,7693,6747,1460.592,260.635,1.43963,00000000
20.967,7697,6754,1460.919,263.058,1.43396,00000000
20.983,7701,6761,1461.259,265.479,1.42828,00000000
20.999,7705,6769,1461.648,268.118,1.42072,00000000
21.014,7710,6776,1462.052,270.755,1.41693,00000000
21.030,7713,6782,1462.364,272.731,1.41126,00000000
21.045,7718,6789,1462.793,275.363,1.40747,00000000
21.061,7721,6795,1463.124,277.336,1.40180,00000000
21.077,7725,6801,1463.502,279.527,1.39802,00000000
21.092,7729,6806,1463.848,281.497,1.39612,00000000
21.108,7733,6812,1464.238,283.685,1.39234,00000000
21.123,7737,6818,1464.637,285.872,1.38856,00000000
21.139,7741,6823,1465.001,287.839,1.38666,00000000
21.155,7745,6828,1465.369,289.806,1.38477,00000000
21.170,7749,6834,1465.785,291.989,1.38099,00000000
21.186,7753,6839,1466.164,293.954,1.37910,00000000
21.202,7756,6845,1466.551,295.916,1.37342,00000000
21.217,7760,6851,1466.991,298.095,1.36964,00000000
21.233,7763,6857,1467.396,300.054,1.36396,00000000
21.249,7767,6863,1467.857,302.229,1.36018,00000000
21.264,7770,6869,1468.280,304.184,1.35450,00000000
21.280,7774,6874,1468.712,306.138,1.35261,00000000
21.295,7777,6880,1469.150,308.089,1.34694,00000010
21.311,7780,6886,1469.600,310.039,1.34126,00000010
21.327,7783,6890,1469.955,311.554,1.33937,00000010
21.342,7784,6892,1470.109,312.203,1.33748,00000010
21.358,7781,6889,1469.800,310.905,1.33748,00000010
21.374,7778,6886,1469.492,309.607,1.33748,00000010
21.389,7775,6883,1469.184,308.310,1.33748,00000010
21.405,7772,6879,1468.825,306.796,1.33937,00000010
21.420,7769,6875,1468.470,305.281,1.34126,00000010
21.436,7765,6870,1468.017,303.332,1.34315,00000000
21.452,7761,6866,1467.615,301.600,1.34315,00000000
21.467,7758,6862,1467.266,300.084,1.34505,00000000
21.483,7755,6858,1466.919,298.567,1.34694,00000000
21.498,7751,6853,1466.476,296.616,1.34883,00000000
21.514,7748,6849,1466.135,295.098,1.35072,00000000
21.530,7744,6844,1465.700,293.145,1.35261,00000000
21.545,7741,6840,1465.365,291.626,1.35450,00000000
21.561,7738,6836,1465.033,290.106,1.35640,00000000
21.577,7734,6833,1464.700,288.586,1.35450,00000000
21.592,7731,6828,1464.322,286.848,1.35829,00000000
21.608,7727,6825,1463.992,285.327,1.35640,00000000
21.624,7724,6821,1463.663,283.807,1.35829,00000000
21.639,7720,6817,1463.288,282.068,1.35829,00000000
21.655,7717,6813,1462.961,280.547,1.36018,00000000
21.670,7713,6809,1462.589,278.808,1.36018,00000000
21.686,7709,6805,1462.217,277.069,1.36018,00000000
21.702,7705,6801,1461.845,275.330,1.36018,00000000
21.717,7704,6797,1461.616,274.243,1.36586,00000000
21.733,7705,6794,1461.527,273.807,1.37342,00000000
21.749,7706,6791,1461.442,273.371,1.38099,00000000
21.764,7707,6787,1461.319,272.715,1.39045,00000000
21.780,7710,6784,1461.319,272.715,1.40180,00000000
21.795,7714,6781,1461.355,272.935,1.41504,00000000
21.811,7718,6778,1461.388,273.155,1.42828,00000000
21.827,7722,6774,1461.388,273.155,1.44342,00000000
21.842,7726,6771,1461.415,273.375,1.45666,00000000
21.858,7729,6768,1461.415,273.375,1.46801,00000000
21.873,7733,6764,1461.415,273.375,1.48314,00000000
21.889,7735,6762,1461.415,273.375,1.49071,00000000
21.905,7738,6759,1461.415,273.375,1.50206,00000000
21.920,7741,6756,1461.415,273.375,1.51341,00000000
21.936,7744,6753,1461.415,273.375,1.52476,00000000
21.952,7746,6749,1461.397,272.931,1.53611,00000000
21.967,7749,6746,1461.397,272.931,1.54746,00000000
21.983,7751,6743,1461.393,272.709,1.55692,00000000
21.999,7754,6740,1461.393,272.709,1.56827,00000000
22.014,7757,6737,1461.393,272.709,1.57962,00000000
22.030,7760,6733,1461.396,272.487,1.59287,00000000
22.045,7763,6730,1461.396,272.487,1.60422,00000000
22.061,7766,6727,1461.396,272.487,1.61557,00000000
22.077,7769,6723,1461.408,272.265,1.62881,00000000
22.092,7771,6720,1461.422,272.043,1.63827,00000000
22.108,7774,6717,1461.422,272.043,1.64962,00000000
22.124,7777,6714,1461.422,272.043,1.66097,00000000
22.139,7781,6710,1461.422,272.043,1.67610,00000000
22.155,7783,6707,1461.446,271.822,1.68556,00000000
22.170,7786,6704,1461.446,271.822,1.69691,00000000
22.186,7790,6700,1461.446,271.822,1.71205,00000000
22.202,7793,6697,1461.446,271.822,1.72340,00000000
22.217,7796,6694,1461.446,271.822,1.73475,00000000
22.233,7799,6691,1461.446,271.822,1.74610,00000000
22.249,7802,6687,1461.486,271.603,1.75934,00000000
22.264,7805,6684,1461.486,271.603,1.77069,00000000
22.280,7808,6681,1461.486,271.603,1.78204,00000000
22.295,7811,6677,1461.534,271.386,1.79529,00000000
22.311,7814,6674,1461.534,271.386,1.80664,00000000
22.327,7817,6671,1461.534,271.386,1.81799,00000000
22.342,7820,6667,1461.590,271.171,1.83123,00000000
22.358,7823,6664,1461.590,271.171,1.84258,00000000
22.373,7826,6661,1461.590,271.171,1.85393,00000000
22.389,7829,6658,1461.590,271.171,1.86528,00000000
22.405,7832,6654,1461.656,270.959,1.87852,00000000
22.420,7835,6651,1461.656,270.959,1.88987,00000000
22.436,7838,6648,1461.656,270.959,1.90122,00000000
22.452,7841,6644,1461.730,270.749,1.91447,00000000
22.467,7844,6641,1461.730,270.749,1.92582,00000000
22.483,7848,6639,1461.573,271.165,1.93717,00000000
22.499,7851,6641,1461.173,272.202,1.93906,00000000
22.514,7855,6646,1460.455,274.069,1.93717,00000000
22.530,7858,6651,1459.821,275.731,1.93338,00000000
22.545,7862,6657,1459.037,277.811,1.92960,00000000
22.561,7866,6665,1458.109,280.312,1.92203,00000000
22.577,7870,6673,1457.201,282.820,1.91447,00000000
22.592,7874,6681,1456.312,285.334,1.90690,00000000
22.608,7878,6689,1455.442,287.856,1.89933,00000000
22.624,7881,6696,1454.733,289.962,1.89177,00000000
22.639,7886,6703,1453.896,292.495,1.88798,00000000
22.655,7890,6710,1453.140,294.820,1.88231,00000000
22.670,7894,6717,1452.397,297.150,1.87663,00000000
22.686,7898,6723,1451.732,299.271,1.87285,00000000
22.702,7901,6729,1451.142,301.183,1.86717,00000000
22.717,7905,6735,1450.497,303.310,1.86339,00000000
22.733,7909,6740,1449.922,305.226,1.86150,00000000
22.748,7912,6746,1449.354,307.144,1.85582,00000000
22.764,7916,6751,1448.793,309.064,1.85393,00000000
22.780,7919,6757,1448.240,310.987,1.84826,00000000
22.795,7923,6763,1447.635,313.126,1.84447,00000000
22.811,7927,6769,1447.038,315.267,1.84069,00000000
22.827,7932,6774,1446.445,317.409,1.84069,00000000
22.842,7936,6780,1445.857,319.553,1.83690,00000000
22.858,7940,6786,1445.276,321.699,1.83312,00000000
22.874,7943,6792,1444.763,323.632,1.82745,00000000
22.889,7948,6798,1444.144,325.998,1.82555,00000000
22.905,7951,6803,1443.700,327.719,1.82177,00000000
22.920,7956,6810,1443.042,330.305,1.81799,00000000
22.936,7960,6816,1442.502,332.461,1.81420,00000000
22.952,7964,6822,1441.971,334.619,1.81042,00000000
22.967,7968,6827,1441.498,336.563,1.80853,00000000
22.983,7972,6834,1440.929,338.941,1.80285,00000000
22.999,7976,6840,1440.421,341.105,1.79907,00000000
23.014,7979,6846,1439.974,343.055,1.79339,00000010
23.030,7983,6852,1439.488,345.224,1.78961,00000010
23.045,7986,6857,1439.105,346.961,1.78583,00000010
23.061,7987,6860,1438.917,347.830,1.78204,00000010
23.077,7985,6857,1439.151,346.743,1.78394,00000010
23.092,7982,6853,1439.481,345.223,1.78583,00000010
23.108,7980,6849,1439.769,343.920,1.78961,00000010
23.124,7978,6845,1440.060,342.619,1.79339,00000010
