Data Counter, Data Time, Angle, Counter, Left Encoder Counts, Right Encoder Counts, Bumper Byte, Desired Heading
0 0.030295 90.000000 1.164276 3705 -3626 00000000 90.000000
1 0.061553 90.000000 2.284959 3705 -3626 00000000 90.000000
2 0.092791 90.000000 3.409092 3705 -3626 00000000 90.000000
3 0.123957 90.000000 4.508832 3705 -3626 00000000 90.000000
4 0.155190 90.000000 5.632974 3705 -3626 00000000 90.000000
5 0.186453 90.000000 6.758849 3705 -3626 00000000 90.000000
6 0.217725 90.000000 7.883523 3705 -3626 00000000 90.000000
7 0.248983 90.000000 9.008858 3705 -3626 00000000 90.000000
8 0.280246 90.000000 10.133823 3705 -3626 00000000 90.000000
9 0.311446 90.000000 11.257888 3705 -3626 00000000 90.000000
10 0.342736 90.000000 12.383557 3705 -3626 00000000 90.000000
11 0.373992 90.000000 13.508901 3705 -3626 00000000 90.000000
12 0.405193 90.000000 14.632819 3705 -3626 00000000 90.000000
13 0.436481 90.000000 15.758557 3705 -3626 00000000 90.000000
14 0.467744 90.000000 16.883592 3705 -3626 00000000 90.000000
15 0.498971 90.000000 18.008669 3705 -3626 00000000 90.000000
16 0.530195 90.000000 19.133617 3705 -3626 00000000 90.000000
17 0.561442 90.000000 20.257613 3705 -3626 00000000 90.000000
18 0.592706 90.000000 21.383317 3705 -3626 00000000 90.000000
19 0.623989 90.000000 22.508360 3705 -3626 00000000 90.000000
20 0.655198 90.000000 23.632399 3705 -3626 00000000 90.000000
21 0.686471 90.000000 24.758128 3705 -3626 00000000 90.000000
22 0.717731 90.000000 25.883248 3705 -3626 00000000 90.000000
23 0.748962 90.000000 27.008368 3705 -3626 00000000 90.000000
24 0.780202 90.000000 28.133944 3705 -3626 00000000 90.000000
25 0.811472 90.000000 29.257553 3705 -3626 00000000 90.000000
26 0.842730 90.000000 30.383137 3705 -3626 00000000 90.000000
27 0.873963 90.000000 31.508145 3705 -3626 00000000 90.000000
28 0.905185 90.000000 32.632313 3705 -3626 00000000 90.000000
29 0.936474 90.000000 33.758394 3705 -3626 00000000 90.000000
30 0.967724 90.000000 34.883231 3705 -3626 00000000 90.000000
31 0.998959 90.000000 36.008197 3705 -3626 00000000 90.000000
32 1.030186 90.000000 37.133317 3705 -3626 00000000 90.000000
33 1.061462 90.000000 38.257339 3705 -3626 00000000 90.000000
34 1.092734 90.000000 39.383497 3705 -3626 00000000 90.000000
35 1.123961 90.000000 40.508077 3705 -3626 00000000 90.000000
36 1.155206 90.000000 41.632236 3705 -3626 00000000 90.000000
37 1.186457 90.000000 42.758188 3705 -3626 00000000 90.000000
38 1.217729 90.000000 43.882957 3705 -3626 00000000 90.000000
39 1.248948 90.000000 45.008017 3705 -3626 00000000 90.000000
40 1.280189 90.000000 46.133051 3705 -3626 00000000 90.000000
41 1.311415 90.000000 47.257210 3705 -3626 00000000 90.000000
42 1.342721 90.000000 48.382914 3705 -3626 00000000 90.000000
43 1.373932 90.000000 49.507982 3705 -3626 00000000 90.000000
44 1.405197 90.000000 50.632012 3705 -3626 00000000 90.000000
45 1.436475 90.000000 51.757905 3705 -3626 00000000 90.000000
46 1.467726 90.000000 52.882982 3705 -3626 00000000 90.000000
47 1.498941 90.000000 54.007939 3705 -3626 00000000 90.000000
48 1.530215 90.000000 55.132459 3705 -3626 00000000 90.000000
49 1.561427 90.000000 56.256703 3705 -3626 00000000 90.000000
50 1.592697 90.000000 57.383051 3705 -3626 00000000 90.000000
51 1.623971 90.000000 58.507725 3705 -3626 00000000 90.000000
52 1.655205 90.000000 59.631789 3705 -3626 00000000 90.000000
53 1.686460 90.000000 60.757811 3705 -3626 00000000 90.000000
54 1.717682 90.000000 61.882759 3705 -3626 00000000 90.000000
55 1.748950 90.000000 63.007888 3705 -3626 00000000 90.000000
56 1.780186 90.000000 64.132442 3705 -3626 00000000 90.000000
57 1.811400 90.000000 65.256532 3705 -3626 00000000 90.000000
58 1.842713 90.000000 66.382613 3705 -3626 00000000 90.000000
59 1.873919 90.000000 67.507450 3705 -3626 00000000 90.000000
60 1.905183 90.000000 68.631583 3705 -3626 00000000 90.000000
61 1.936424 90.000000 69.757381 3705 -3626 00000000 90.000000
62 1.967724 90.000000 70.882630 3705 -3626 00000000 90.000000
63 1.998939 90.000000 72.007459 3705 -3626 00000000 90.000000
64 2.030183 90.000000 73.132356 3705 -3626 00000000 90.000000
65 2.061402 90.000000 74.256463 3705 -3626 00000000 90.000000
66 2.092676 90.000000 75.382545 3705 -3626 00000000 90.000000
67 2.123943 90.000000 76.507278 3705 -3626 00000000 90.000000
68 2.155183 90.000000 77.631369 3705 -3626 00000000 90.000000
69 2.186470 90.000000 78.757296 3705 -3626 00000000 90.000000
70 2.217687 90.000000 79.883094 3705 -3626 00000000 90.000000
71 2.248940 90.000000 81.007587 3705 -3626 00000000 90.000000
72 2.280167 90.000000 82.132184 3705 -3626 00000000 90.000000
73 2.311391 90.000000 83.256154 3705 -3626 00000000 90.000000
74 2.342708 90.000000 84.382193 3705 -3626 00000000 90.000000
75 2.373953 90.000000 85.507931 3705 -3626 00000000 90.000000
76 2.405144 90.000000 86.631386 3705 -3626 00000000 90.000000
77 2.436412 90.000000 87.757115 3705 -3626 00000000 90.000000
78 2.467691 90.000000 88.882158 3705 -3626 00000000 90.000000
79 2.498939 90.000000 90.007150 3705 -3626 00000000 90.000000
80 2.530191 90.000000 91.132184 3705 -3626 00000000 90.000000
81 2.561432 90.000000 92.256017 3705 -3626 00000000 90.000000
82 2.592675 90.000000 93.382081 3705 -3626 00000000 90.000000
83 2.623950 90.000000 94.506944 3705 -3626 00000000 90.000000
84 2.655170 90.000000 95.630982 3705 -3626 00000000 90.000000
85 2.686417 90.000000 96.756961 3705 -3626 00000000 90.000000
86 2.717700 90.000000 97.881995 3705 -3626 00000000 90.000000
87 2.748951 90.000000 99.007107 3705 -3626 00000000 90.000000
88 2.780194 90.000000 100.131824 3705 -3626 00000000 90.000000
89 2.811423 90.000000 101.255939 3705 -3626 00000000 90.000000
90 2.842654 90.000000 102.381935 3705 -3626 00000000 90.000000
91 2.873946 90.000000 103.506600 3705 -3626 00000000 90.000000
92 2.905139 90.000000 104.630854 3705 -3626 00000000 90.000000
93 2.936453 90.000000 105.756763 3705 -3626 00000000 90.000000
94 2.967651 90.000000 106.881849 3705 -3626 00000000 90.000000
95 2.998939 90.000000 108.006635 3705 -3626 00000000 90.000000
96 3.030164 90.000000 109.132424 3705 -3626 00000000 90.000000
97 3.061390 90.000000 110.255699 3705 -3626 00000000 90.000000
98 3.092662 90.000000 111.381652 3705 -3626 00000000 90.000000
99 3.123895 90.000000 112.506515 3705 -3626 00000000 90.000000
100 3.155155 90.000000 113.630776 3705 -3626 00000000 90.000000
101 3.186434 90.000000 114.756729 3705 -3626 00000000 90.000000
102 3.217643 90.000000 115.881772 3705 -3626 00000000 90.000000
103 3.248916 90.000000 117.006326 3705 -3626 00000000 90.000000
104 3.280147 90.000000 118.131472 3705 -3626 00000000 90.000000
105 3.311412 90.000000 119.256103 3705 -3626 00000000 90.000000
106 3.342677 90.000000 120.381815 3705 -3626 00000000 90.000000
107 3.373894 90.000000 121.506420 3705 -3626 00000000 90.000000
108 3.405139 90.000000 122.630613 3705 -3626 00000000 90.000000
109 3.436388 90.000000 123.756446 3705 -3626 00000000 90.000000
110 3.467697 90.000000 124.881446 3705 -3626 00000000 90.000000
111 3.498920 90.000000 126.006575 3705 -3626 00000000 90.000000
112 3.530180 90.000000 127.131343 3705 -3626 00000000 90.000000
113 3.561372 90.000000 128.255476 3705 -3626 00000000 90.000000
114 3.592644 90.000000 129.381309 3705 -3626 00000000 90.000000
115 3.623912 90.000000 130.506008 3705 -3626 00000000 90.000000
116 3.655133 90.000000 131.630339 3705 -3626 00000000 90.000000
117 3.686417 90.000000 132.756326 3705 -3626 00000000 90.000000
118 3.717640 90.000000 133.881300 3705 -3626 00000000 90.000000
119 3.748889 90.000000 135.007072 3705 -3626 00000000 90.000000
120 3.780150 90.000000 136.131377 3705 -3626 00000000 90.000000
121 3.811415 90.000000 137.255433 3705 -3626 00000000 90.000000
122 3.842660 90.000000 138.381300 3705 -3626 00000000 90.000000
123 3.873882 90.000000 139.506257 3705 -3626 00000000 90.000000
124 3.905120 90.000000 140.630047 3705 -3626 00000000 90.000000
125 3.936388 90.000000 141.756206 3705 -3626 00000000 90.000000
126 3.967627 90.000000 142.881025 3705 -3626 00000000 90.000000
127 3.998905 90.000000 144.006248 3705 -3626 00000000 90.000000
128 4.030159 90.000000 145.130991 3705 -3626 00000000 90.000000
129 4.061367 90.000000 146.255073 3705 -3626 00000000 90.000000
130 4.092642 90.000000 147.381154 3705 -3626 00000000 90.000000
131 4.123911 90.000000 148.505836 3705 -3626 00000000 90.000000
132 4.155145 90.000000 149.629910 3705 -3626 00000000 90.000000
133 4.186404 90.000000 150.755948 3705 -3626 00000000 90.000000
134 4.217674 90.000000 151.880845 3705 -3626 00000000 90.000000
135 4.248882 90.000000 153.005905 3705 -3626 00000000 90.000000
136 4.280170 90.000000 154.130862 3705 -3626 00000000 90.000000
137 4.311362 90.000000 155.254944 3705 -3626 00000000 90.000000
138 4.342641 90.000000 156.380785 3705 -3626 00000000 90.000000
139 4.373928 90.000000 157.505982 3705 -3626 00000000 90.000000
140 4.405137 90.000000 158.629832 3705 -3626 00000000 90.000000
141 4.436378 90.000000 159.756120 3705 -3626 00000000 90.000000
142 4.467661 90.000000 160.880716 3705 -3626 00000000 90.000000
143 4.498918 90.000000 162.005656 3705 -3626 00000000 90.000000
144 4.530153 90.000000 163.130759 3705 -3626 00000000 90.000000
145 4.561422 90.000000 164.255261 3705 -3626 00000000 90.000000
146 4.592661 90.000000 165.380545 3705 -3626 00000000 90.000000
147 4.623900 90.000000 166.505519 3705 -3626 00000000 90.000000
148 4.655122 90.000000 167.629652 3705 -3626 00000000 90.000000
149 4.686379 90.000000 168.755716 3705 -3626 00000000 90.000000
150 4.717652 90.000000 169.880467 3705 -3626 00000000 90.000000
151 4.748888 90.000000 171.005459 3705 -3626 00000000 90.000000
152 4.780129 90.000000 172.130596 3705 -3626 00000000 90.000000
153 4.811390 90.000000 173.254661 3705 -3626 00000000 90.000000
154 4.842626 90.000000 174.380287 3705 -3626 00000000 90.000000
155 4.873910 90.000000 175.505330 3705 -3626 00000000 90.000000
156 4.905109 90.000000 176.629429 3705 -3626 00000000 90.000000
157 4.936369 90.000000 177.755519 3705 -3626 00000000 90.000000
158 4.967640 90.000000 178.880158 3705 -3626 00000000 90.000000
159 4.998883 90.000000 180.005227 3705 -3626 00000000 90.000000
160 5.030137 90.000000 181.130261 3705 -3626 00000000 90.000000
161 5.061376 90.000000 182.254506 3705 -3626 00000000 90.000000
162 5.092661 90.000000 183.380605 3705 -3626 00000000 90.000000
163 5.123900 90.000000 184.505236 3705 -3626 00000000 90.000000
164 5.155102 90.000000 185.629274 3705 -3626 00000000 90.000000
165 5.186354 90.000000 186.755339 3705 -3626 00000000 90.000000
166 5.217649 90.000000 187.880416 3705 -3626 00000000 90.000000
167 5.248899 90.000000 189.005270 3705 -3626 00000000 90.000000
168 5.280121 90.000000 190.130184 3705 -3626 00000000 90.000000
169 5.311340 90.000000 191.254197 3705 -3626 00000000 90.000000
170 5.342626 90.000000 192.379978 3705 -3626 00000000 90.000000
171 5.373853 90.000000 193.505287 3705 -3626 00000000 90.000000
172 5.405134 90.000000 194.629146 3705 -3626 00000000 90.000000
173 5.436350 90.000000 195.754944 3705 -3626 00000000 90.000000
174 5.467648 90.000000 196.879944 3705 -3626 00000000 90.000000
175 5.498851 90.000000 198.004935 3705 -3626 00000000 90.000000
176 5.530127 90.000000 199.129892 3705 -3626 00000000 90.000000
177 5.561366 90.000000 200.254317 3705 -3626 00000000 90.000000
178 5.592652 90.000000 201.380004 3705 -3626 00000000 90.000000
179 5.623870 90.000000 202.504789 3705 -3626 00000000 90.000000
180 5.655078 90.000000 203.629103 3705 -3626 00000000 90.000000
181 5.686386 90.000000 204.754661 3705 -3626 00000000 90.000000
182 5.717648 90.000000 205.880390 3705 -3626 00000000 90.000000
183 5.748847 90.000000 207.005459 3705 -3626 00000000 90.000000
184 5.780129 90.000000 208.129815 3705 -3626 00000000 90.000000
185 5.811355 90.000000 209.253880 3705 -3626 00000000 90.000000
186 5.842639 90.000000 210.380485 3705 -3626 00000000 90.000000
187 5.873868 90.000000 211.505442 3705 -3626 00000000 90.000000
188 5.905070 90.000000 212.628708 3705 -3626 00000000 90.000000
189 5.936382 90.000000 213.754609 3705 -3626 00000000 90.000000
190 5.967603 90.000000 214.879583 3705 -3626 00000000 90.000000
191 5.998883 90.000000 216.004669 3705 -3626 00000000 90.000000
192 6.030115 90.000000 217.129944 3705 -3626 00000000 90.000000
193 6.061335 90.000000 218.253785 3705 -3626 00000000 90.000000
194 6.092638 90.000000 219.379369 3705 -3626 00000000 90.000000
195 6.123868 90.000000 220.504395 3705 -3626 00000000 90.000000
196 6.155067 90.000000 221.628536 3705 -3626 00000000 90.000000
197 6.186373 90.000000 222.754386 3705 -3626 00000000 90.000000
198 6.217607 90.000000 223.879472 3705 -3626 00000000 90.000000
199 6.248842 90.000000 225.004326 3705 -3626 00000000 90.000000
200 6.280099 90.000000 226.129437 3705 -3626 00000000 90.000000
201 6.311364 90.000000 227.253854 3705 -3626 00000000 90.000000
202 6.342599 90.000000 228.379386 3705 -3626 00000000 90.000000
203 6.373838 90.000000 229.504343 3705 -3626 00000000 90.000000
204 6.405107 90.000000 230.628588 3705 -3626 00000000 90.000000
205 6.436361 90.000000 231.754352 3705 -3626 00000000 90.000000
206 6.467613 90.000000 232.879086 3705 -3626 00000000 90.000000
207 6.498840 90.000000 234.004231 3705 -3626 00000000 90.000000
208 6.530124 90.000000 235.129352 3705 -3626 00000000 90.000000
209 6.561310 90.000000 236.253090 3705 -3626 00000000 90.000000
210 6.592615 90.000000 237.379086 3705 -3626 00000000 90.000000
211 6.623843 90.000000 238.503940 3705 -3626 00000000 90.000000
212 6.655072 90.000000 239.628167 3705 -3626 00000000 90.000000
213 6.686329 90.000000 240.754154 3705 -3626 00000000 90.000000
214 6.717601 90.000000 241.878983 3705 -3626 00000000 90.000000
215 6.748827 90.000000 243.003957 3705 -3626 00000000 90.000000
216 6.780082 90.000000 244.128905 3705 -3626 00000000 90.000000
217 6.811328 90.000000 245.252910 3705 -3626 00000000 90.000000
218 6.842605 90.000000 246.379189 3705 -3626 00000000 90.000000
219 6.873839 90.000000 247.504626 3705 -3626 00000000 90.000000
220 6.905094 90.000000 248.628124 3705 -3626 00000000 90.000000
221 6.936346 90.000000 249.753785 3705 -3626 00000000 90.000000
222 6.967589 90.000000 250.878777 3705 -3626 00000000 90.000000
223 6.998835 90.000000 252.004154 3705 -3626 00000000 90.000000
224 7.030077 90.000000 253.128631 3705 -3626 00000000 90.000000
225 7.061313 90.000000 254.252867 3705 -3626 00000000 90.000000
226 7.092574 90.000000 255.378699 3705 -3626 00000000 90.000000
227 7.123826 90.000000 256.503734 3705 -3626 00000000 90.000000
228 7.155061 90.000000 257.628064 3705 -3626 00000000 90.000000
229 7.186354 90.000000 258.753571 3705 -3626 00000000 90.000000
230 7.217557 90.000000 259.878768 3705 -3626 00000000 90.000000
231 7.248821 90.000000 261.003742 3705 -3626 00000000 90.000000
232 7.280062 90.000000 262.128528 3705 -3626 00000000 90.000000
233 7.311305 90.000000 263.252738 3705 -3626 00000000 90.000000
234 7.342590 90.000000 264.378802 3705 -3626 00000000 90.000000
235 7.373843 90.000000 265.503785 3705 -3626 00000000 90.000000
236 7.405061 90.000000 266.627687 3705 -3626 00000000 90.000000
237 7.436359 90.000000 267.753502 3705 -3626 00000000 90.000000
238 7.467574 90.000000 268.878528 3705 -3626 00000000 90.000000
239 7.498829 90.000000 270.003588 3705 -3626 00000000 90.000000
240 7.530062 90.000000 -88.871678 3705 -3626 00000000 90.000000
241 7.561285 90.000000 -87.747511 3705 -3626 00000000 90.000000
242 7.592580 90.000000 -86.621618 3705 -3626 00000000 90.000000
243 7.623852 90.000000 -85.496902 3705 -3626 00000000 90.000000
244 7.655075 90.000000 -84.372725 3705 -3626 00000000 90.000000
245 7.686334 90.000000 -83.246524 3705 -3626 00000000 90.000000
246 7.717594 90.000000 -82.121816 3705 -3626 00000000 90.000000
247 7.748806 90.000000 -80.997090 3705 -3626 00000000 90.000000
248 7.780088 90.000000 -79.871593 3705 -3626 00000000 90.000000
249 7.811312 90.000000 -78.747794 3705 -3626 00000000 90.000000
250 7.842577 90.000000 -77.621893 3705 -3626 00000000 90.000000
251 7.873819 90.000000 -76.497125 3705 -3626 00000000 90.000000
252 7.905067 90.000000 -75.373112 3705 -3626 00000000 90.000000
253 7.936291 90.000000 -74.246859 3705 -3626 00000000 90.000000
254 7.967589 90.000000 -73.121816 3705 -3626 00000000 90.000000
255 7.998845 90.000000 -71.997150 3705 -3626 00000000 90.000000
256 8.030073 90.000000 -70.872022 3705 -3626 00000000 90.000000
257 8.061317 90.000000 -69.747923 3705 -3626 00000000 90.000000
258 8.092554 90.000000 -68.621927 3705 -3626 00000000 90.000000
259 8.123803 90.000000 -67.497176 3705 -3626 00000000 90.000000
260 8.155019 90.000000 -66.373180 3705 -3626 00000000 90.000000
261 8.186341 90.000000 -65.247116 3705 -3626 00000000 90.000000
262 8.217583 90.000000 -64.122013 3705 -3626 00000000 90.000000
263 8.248823 90.000000 -62.997305 3705 -3626 00000000 90.000000
264 8.280070 90.000000 -61.872065 3705 -3626 00000000 90.000000
265 8.311310 90.000000 -60.748017 3705 -3626 00000000 90.000000
266 8.342558 90.000000 -59.622142 3705 -3626 00000000 90.000000
267 8.373794 90.000000 -58.497451 3705 -3626 00000000 90.000000
268 8.405036 90.000000 -57.373069 3705 -3626 00000000 90.000000
269 8.436323 90.000000 -56.247116 3705 -3626 00000000 90.000000
270 8.467568 90.000000 -55.122236 3705 -3626 00000000 90.000000
271 8.498825 90.000000 -53.997348 3705 -3626 00000000 90.000000
272 8.530068 90.000000 -52.872313 3705 -3626 00000000 90.000000
273 8.561264 90.000000 -51.748198 3705 -3626 00000000 90.000000
274 8.592577 90.000000 -50.621979 3705 -3626 00000000 90.000000
275 8.623835 90.000000 -49.497502 3705 -3626 00000000 90.000000
276 8.655008 90.000000 -48.373541 3705 -3626 00000000 90.000000
277 8.686322 90.000000 -47.247528 3705 -3626 00000000 90.000000
278 8.717584 90.000000 -46.122425 3705 -3626 00000000 90.000000
279 8.748823 90.000000 -44.997562 3705 -3626 00000000 90.000000
280 8.780036 90.000000 -43.872528 3705 -3626 00000000 90.000000
281 8.811269 90.000000 -42.748464 3705 -3626 00000000 90.000000
282 8.842536 90.000000 -41.622743 3705 -3626 00000000 90.000000
283 8.873816 90.000000 -40.497871 3705 -3626 00000000 90.000000
284 8.905043 90.000000 -39.373558 3705 -3626 00000000 90.000000
285 8.936298 90.000000 -38.247614 3705 -3626 00000000 90.000000
286 8.967525 90.000000 -37.123043 3705 -3626 00000000 90.000000
287 8.998827 90.000000 -35.997545 3705 -3626 00000000 90.000000
288 9.030059 90.000000 -34.872760 3705 -3626 00000000 90.000000
289 9.061296 90.000000 -33.748524 3705 -3626 00000000 90.000000
290 9.092553 90.000000 -32.622966 3705 -3626 00000000 90.000000
291 9.123819 90.000000 -31.497794 3705 -3626 00000000 90.000000
292 9.155002 90.000000 -30.373970 3705 -3626 00000000 90.000000
293 9.186276 90.000000 -29.247665 3705 -3626 00000000 90.000000
294 9.217533 90.000000 -28.123180 3705 -3626 00000000 90.000000
295 9.248796 90.000000 -26.997992 3705 -3626 00000000 90.000000
296 9.280011 90.000000 -25.873095 3705 -3626 00000000 90.000000
297 9.311249 90.000000 -24.748172 3705 -3626 00000000 90.000000
298 9.342551 90.000000 -23.623198 3705 -3626 00000000 90.000000
299 9.373775 90.000000 -22.498335 3705 -3626 00000000 90.000000
300 9.405003 90.000000 -21.374030 3705 -3626 00000000 90.000000
301 9.436272 90.000000 -20.248129 3705 -3626 00000000 90.000000
302 9.467514 90.000000 -19.122605 3705 -3626 00000000 90.000000
303 9.498790 90.000000 -17.998180 3705 -3626 00000000 90.000000
304 9.530049 90.000000 -16.873103 3705 -3626 00000000 90.000000
305 9.561286 90.000000 -15.748901 3705 -3626 00000000 90.000000
306 9.592558 90.000000 -14.623352 3705 -3626 00000000 90.000000
307 9.623794 90.000000 -13.498429 3705 -3626 00000000 90.000000
308 9.655016 90.000000 -12.374313 3705 -3626 00000000 90.000000
309 9.686281 90.000000 -11.248180 3705 -3626 00000000 90.000000
310 9.717516 90.000000 -10.123335 3705 -3626 00000000 90.000000
311 9.748771 90.000000 -8.998472 3705 -3626 00000000 90.000000
312 9.780006 90.000000 -7.873086 3705 -3626 00000000 90.000000
313 9.811267 90.000000 -6.749125 3705 -3626 00000000 90.000000
314 9.842509 90.000000 -5.623549 3705 -3626 00000000 90.000000
315 9.873757 90.000000 -4.498464 3705 -3626 00000000 90.000000
316 9.905000 90.000000 -3.374382 3705 -3626 00000000 90.000000
317 9.936309 90.000000 -2.248283 3705 -3626 00000000 90.000000
318 9.967536 90.000000 -1.123678 3705 -3626 00000000 90.000000
319 9.998789 90.000000 0.001536 3705 -3626 00000000 90.000000
320 10.030048 90.000000 1.126682 3705 -3626 00000000 90.000000
321 10.061243 90.000000 2.250721 3705 -3626 00000000 90.000000
322 10.092548 90.000000 3.376262 3705 -3626 00000000 90.000000
323 10.123785 90.000000 4.501768 3705 -3626 00000000 90.000000
324 10.155019 90.000000 5.625566 3705 -3626 00000000 90.000000
325 10.186247 90.000000 6.751699 3705 -3626 00000000 90.000000
326 10.217503 90.000000 7.876348 3705 -3626 00000000 90.000000
327 10.248783 90.000000 9.001245 3705 -3626 00000000 90.000000
328 10.280020 90.000000 10.126442 3705 -3626 00000000 90.000000
329 10.311273 90.000000 11.250300 3705 -3626 00000000 90.000000
330 10.342511 90.000000 12.376888 3705 -3626 00000000 90.000000
331 10.373752 90.000000 13.501081 3705 -3626 00000000 90.000000
332 10.404993 90.000000 14.625197 3705 -3626 00000000 90.000000
333 10.436270 90.000000 15.751245 3705 -3626 00000000 90.000000
334 10.467506 90.000000 16.876202 3705 -3626 00000000 90.000000
335 10.498744 90.000000 18.001167 3705 -3626 00000000 90.000000
336 10.530012 90.000000 19.126184 3705 -3626 00000000 90.000000
337 10.561273 90.000000 20.250086 3705 -3626 00000000 90.000000
338 10.592501 90.000000 21.375738 3705 -3626 00000000 90.000000
339 10.623749 90.000000 22.500961 3705 -3626 00000000 90.000000
340 10.655005 90.000000 23.625240 3705 -3626 00000000 90.000000
341 10.686269 90.000000 24.751348 3705 -3626 00000000 90.000000
342 10.717499 90.000000 25.875910 3705 -3626 00000000 90.000000
343 10.748743 90.000000 27.001116 3705 -3626 00000000 90.000000
344 10.780017 90.000000 28.125918 3705 -3626 00000000 90.000000
345 10.811216 90.000000 29.250026 3705 -3626 00000000 90.000000
346 10.842518 90.000000 30.375867 3705 -3626 00000000 90.000000
347 10.873777 90.000000 31.501047 3705 -3626 00000000 90.000000
348 10.904985 90.000000 32.624914 3705 -3626 00000000 90.000000
349 10.936243 90.000000 33.750627 3705 -3626 00000000 90.000000
350 10.967503 90.000000 34.875609 3705 -3626 00000000 90.000000
351 10.998748 90.000000 36.000747 3705 -3626 00000000 90.000000
352 11.029996 90.000000 37.125644 3705 -3626 00000000 90.000000
353 11.061232 90.000000 38.249923 3705 -3626 00000000 90.000000
354 11.092481 90.000000 39.375755 3705 -3626 00000000 90.000000
355 11.123751 90.000000 40.500489 3705 -3626 00000000 90.000000
356 11.154969 90.000000 41.624734 3705 -3626 00000000 90.000000
357 11.186226 90.000000 42.750687 3705 -3626 00000000 90.000000
358 11.217475 90.000000 43.875360 3705 -3626 00000000 90.000000
359 11.248759 90.000000 45.000421 3705 -3626 00000000 90.000000
360 11.280010 90.000000 46.125472 3705 -3626 00000000 90.000000
361 11.311254 90.000000 47.249700 3705 -3626 00000000 90.000000
362 11.342485 90.000000 48.375275 3705 -3626 00000000 90.000000
363 11.373740 90.000000 49.500300 3705 -3626 00000000 90.000000
364 11.404969 90.000000 50.624408 3705 -3626 00000000 90.000000
365 11.436260 90.000000 51.750429 3705 -3626 00000000 90.000000
366 11.467505 90.000000 52.875695 3705 -3626 00000000 90.000000
367 11.498757 90.000000 54.000275 3705 -3626 00000000 90.000000
368 11.530018 90.000000 55.125283 3705 -3626 00000000 90.000000
369 11.561217 90.000000 56.249519 3705 -3626 00000000 90.000000
370 11.592510 90.000000 57.375446 3705 -3626 00000000 90.000000
371 11.623715 90.000000 58.500378 3705 -3626 00000000 90.000000
372 11.654962 90.000000 59.624279 3705 -3626 00000000 90.000000
373 11.686275 90.000000 60.750343 3705 -3626 00000000 90.000000
374 11.717504 90.000000 61.875283 3705 -3626 00000000 90.000000
375 11.748725 90.000000 63.000077 3705 -3626 00000000 90.000000
376 11.779978 90.000000 64.125421 3705 -3626 00000000 90.000000
377 11.811223 90.000000 65.249253 3705 -3626 00000000 90.000000
378 11.842510 90.000000 66.374974 3705 -3626 00000000 90.000000
379 11.873712 90.000000 67.500172 3705 -3626 00000000 90.000000
380 11.904951 90.000000 68.624185 3705 -3626 00000000 90.000000
381 11.936229 90.000000 69.749871 3705 -3626 00000000 90.000000
382 11.967475 90.000000 70.875086 3705 -3626 00000000 90.000000
383 11.998708 90.000000 71.999871 3705 -3626 00000000 90.000000
384 12.029968 90.000000 73.124614 3705 -3626 00000000 90.000000
385 12.061214 90.000000 74.249794 3705 -3626 00000000 90.000000
386 12.092475 90.000000 75.375249 3705 -3626 00000000 90.000000
387 12.123719 90.000000 76.499863 3705 -3626 00000000 90.000000
388 12.154984 90.000000 77.624125 3705 -3626 00000000 90.000000
389 12.186223 90.000000 78.749914 3705 -3626 00000000 90.000000
390 12.217506 90.000000 79.875627 3705 -3626 00000000 90.000000
391 12.248741 90.000000 80.999854 3705 -3626 00000000 90.000000
392 12.279950 90.000000 82.124846 3705 -3626 00000000 90.000000
393 12.311199 90.000000 83.251184 3705 -3626 00000000 90.000000
394 12.342465 90.000000 84.374579 3705 -3626 00000000 90.000000
395 12.373723 90.000000 85.499622 3705 -3626 00000000 90.000000
396 12.404933 90.000000 86.624820 3705 -3626 00000000 90.000000
397 12.436213 90.000000 87.749682 3705 -3626 00000000 90.000000
398 12.467466 90.000000 88.874871 3705 -3626 00000000 90.000000
399 12.498755 90.000000 89.999631 3705 -3626 00000000 90.000000
400 12.529975 90.000000 91.124356 3705 -3626 00000000 90.000000
401 12.561198 90.000000 92.251073 3705 -3626 00000000 90.000000
402 12.592443 90.000000 93.374459 3705 -3626 00000000 90.000000
403 12.623736 90.000000 94.499468 3705 -3626 00000000 90.000000
404 12.654955 90.000000 95.625824 3705 -3626 00000000 90.000000
405 12.686202 90.000000 96.749279 3705 -3626 00000000 90.000000
406 12.717420 90.000000 97.874940 3705 -3626 00000000 90.000000
407 12.748694 90.000000 99.000386 3705 -3626 00000000 90.000000
408 12.779978 90.000000 100.124391 3705 -3626 00000000 90.000000
409 12.811182 90.000000 101.250481 3705 -3626 00000000 90.000000
410 12.842474 90.000000 102.376287 3705 -3626 00000000 90.000000
411 12.873738 90.000000 103.499142 3705 -3626 00000000 90.000000
412 12.904964 90.000000 104.625601 3705 -3626 00000000 90.000000
413 12.936229 90.000000 105.751227 3705 -3626 00000000 90.000000
414 12.967446 90.000000 106.875669 3705 -3626 00000000 90.000000
415 12.998732 90.000000 108.001382 3705 -3626 00000000 90.000000
416 13.029976 90.000000 109.126348 3705 -3626 00000000 90.000000
417 13.061208 90.000000 110.250421 3705 -3626 00000000 90.000000
418 13.092482 90.000000 111.376176 3705 -3626 00000000 90.000000
419 13.123719 90.000000 112.499133 3705 -3626 00000000 90.000000
420 13.154953 90.000000 113.625438 3705 -3626 00000000 90.000000
421 13.186222 90.000000 114.751167 3705 -3626 00000000 90.000000
422 13.217447 90.000000 115.875918 3705 -3626 00000000 90.000000
423 13.248715 90.000000 116.999133 3705 -3626 00000000 90.000000
424 13.279939 90.000000 118.126184 3705 -3626 00000000 90.000000
425 13.311170 90.000000 119.250206 3705 -3626 00000000 90.000000
426 13.342448 90.000000 120.376245 3705 -3626 00000000 90.000000
427 13.373679 90.000000 121.501279 3705 -3626 00000000 90.000000
428 13.404911 90.000000 122.625318 3705 -3626 00000000 90.000000
429 13.436200 90.000000 123.751296 3705 -3626 00000000 90.000000
430 13.467447 90.000000 124.875438 3705 -3626 00000000 90.000000
431 13.498684 90.000000 126.000721 3705 -3626 00000000 90.000000
432 13.529961 90.000000 127.125841 3705 -3626 00000000 90.000000
433 13.561181 90.000000 128.249983 3705 -3626 00000000 90.000000
434 13.592466 90.000000 129.376021 3705 -3626 00000000 90.000000
435 13.623700 90.000000 130.500524 3705 -3626 00000000 90.000000
436 13.654957 90.000000 131.624983 3705 -3626 00000000 90.000000
437 13.686182 90.000000 132.751313 3705 -3626 00000000 90.000000
438 13.717446 90.000000 133.875360 3705 -3626 00000000 90.000000
439 13.748721 90.000000 135.000558 3705 -3626 00000000 90.000000
440 13.779949 90.000000 136.125635 3705 -3626 00000000 90.000000
441 13.811162 90.000000 137.249811 3705 -3626 00000000 90.000000
442 13.842424 90.000000 138.374270 3705 -3626 00000000 90.000000
443 13.873684 90.000000 139.500695 3705 -3626 00000000 90.000000
444 13.904913 90.000000 140.625163 3705 -3626 00000000 90.000000
445 13.936193 90.000000 141.750609 3705 -3626 00000000 90.000000
446 13.967434 90.000000 142.875009 3705 -3626 00000000 90.000000
447 13.998683 90.000000 144.000343 3705 -3626 00000000 90.000000
448 14.029942 90.000000 145.126322 3705 -3626 00000000 90.000000
449 14.061176 90.000000 146.249451 3705 -3626 00000000 90.000000
450 14.092435 90.000000 147.375541 3705 -3626 00000000 90.000000
451 14.123695 90.000000 148.500283 3705 -3626 00000000 90.000000
452 14.154949 90.000000 149.625189 3705 -3626 00000000 90.000000
453 14.186156 90.000000 150.750489 3705 -3626 00000000 90.000000
454 14.217421 90.000000 151.874949 3705 -3626 00000000 90.000000
455 14.248707 90.000000 153.000601 3705 -3626 00000000 90.000000
456 14.279924 90.000000 154.125275 3705 -3626 00000000 90.000000
457 14.311148 90.000000 155.249537 3705 -3626 00000000 90.000000
458 14.342432 90.000000 156.375429 3705 -3626 00000000 90.000000
459 14.373690 90.000000 157.500386 3705 -3626 00000000 90.000000
460 14.404928 90.000000 158.625043 3705 -3626 00000000 90.000000
461 14.436151 90.000000 159.750335 3705 -3626 00000000 90.000000
462 14.467417 90.000000 160.875137 3705 -3626 00000000 90.000000
463 14.498702 90.000000 162.000283 3705 -3626 00000000 90.000000
464 14.529905 90.000000 163.125232 3705 -3626 00000000 90.000000
465 14.561131 90.000000 164.251279 3705 -3626 00000000 90.000000
466 14.592418 90.000000 165.375292 3705 -3626 00000000 90.000000
467 14.623652 90.000000 166.499777 3705 -3626 00000000 90.000000
468 14.654924 90.000000 167.625996 3705 -3626 00000000 90.000000
469 14.686155 90.000000 168.749966 3705 -3626 00000000 90.000000
470 14.717406 90.000000 169.874657 3705 -3626 00000000 90.000000
471 14.748648 90.000000 170.999725 3705 -3626 00000000 90.000000
472 14.779925 90.000000 172.124906 3705 -3626 00000000 90.000000
473 14.811163 90.000000 173.251279 3705 -3626 00000000 90.000000
474 14.842401 90.000000 174.375017 3705 -3626 00000000 90.000000
475 14.873662 90.000000 175.499640 3705 -3626 00000000 90.000000
476 14.904872 90.000000 176.625772 3705 -3626 00000000 90.000000
477 14.936165 90.000000 177.750300 3705 -3626 00000000 90.000000
478 14.967400 90.000000 178.876270 3705 -3626 00000000 90.000000
479 14.998669 90.000000 179.999554 3705 -3626 00000000 90.000000
480 15.029932 90.000000 181.124545 3705 -3626 00000000 90.000000
481 15.061140 90.000000 182.250807 3705 -3626 00000000 90.000000
482 15.092424 90.000000 183.376279 3705 -3626 00000000 90.000000
483 15.123677 90.000000 184.499468 3705 -3626 00000000 90.000000
484 15.154880 90.000000 185.626064 3705 -3626 00000000 90.000000
485 15.186149 90.000000 186.749863 3705 -3626 00000000 90.000000
486 15.217418 90.000000 187.876193 3705 -3626 00000000 90.000000
487 15.248637 90.000000 188.999391 3705 -3626 00000000 90.000000
488 15.279905 90.000000 190.124399 3705 -3626 00000000 90.000000
489 15.311153 90.000000 191.250695 3705 -3626 00000000 90.000000
490 15.342410 90.000000 192.376253 3705 -3626 00000000 90.000000
491 15.373672 90.000000 193.501202 3705 -3626 00000000 90.000000
492 15.404888 90.000000 194.625601 3705 -3626 00000000 90.000000
493 15.436171 90.000000 195.749545 3705 -3626 00000000 90.000000
494 15.467384 90.000000 196.876279 3705 -3626 00000000 90.000000
495 15.498680 90.000000 197.999425 3705 -3626 00000000 90.000000
496 15.529875 90.000000 199.126270 3705 -3626 00000000 90.000000
497 15.561137 90.000000 200.250352 3705 -3626 00000000 90.000000
498 15.592380 90.000000 201.376348 3705 -3626 00000000 90.000000
499 15.623662 90.000000 202.499674 3705 -3626 00000000 90.000000
500 15.654887 90.000000 203.625584 3705 -3626 00000000 90.000000
501 15.686160 90.000000 204.749425 3705 -3626 00000000 90.000000
502 15.717422 90.000000 205.875549 3705 -3626 00000000 90.000000
503 15.748634 90.000000 207.001124 3705 -3626 00000000 90.000000
504 15.779872 90.000000 208.126287 3705 -3626 00000000 90.000000
505 15.811123 90.000000 209.250112 3705 -3626 00000000 90.000000
506 15.842405 90.000000 210.375978 3705 -3626 00000000 90.000000
507 15.873624 90.000000 211.501056 3705 -3626 00000000 90.000000
508 15.904897 90.000000 212.625669 3705 -3626 00000000 90.000000
509 15.936116 90.000000 213.751090 3705 -3626 00000000 90.000000
510 15.967355 90.000000 214.875257 3705 -3626 00000000 90.000000
511 15.998638 90.000000 216.001116 3705 -3626 00000000 90.000000
512 16.029877 90.000000 217.125918 3705 -3626 00000000 90.000000
513 16.061113 90.000000 218.250009 3705 -3626 00000000 90.000000
514 16.092389 90.000000 219.374476 3705 -3626 00000000 90.000000
515 16.123617 90.000000 220.500695 3705 -3626 00000000 90.000000
516 16.154877 90.000000 221.625378 3705 -3626 00000000 90.000000
517 16.186110 90.000000 222.750592 3705 -3626 00000000 90.000000
518 16.217389 90.000000 223.875257 3705 -3626 00000000 90.000000
519 16.248620 90.000000 224.999356 3705 -3626 00000000 90.000000
520 16.279858 90.000000 226.125901 3705 -3626 00000000 90.000000
521 16.311124 90.000000 227.250918 3705 -3626 00000000 90.000000
522 16.342411 90.000000 228.375618 3705 -3626 00000000 90.000000
523 16.373613 90.000000 229.500524 3705 -3626 00000000 90.000000
524 16.404899 90.000000 230.626365 3705 -3626 00000000 90.000000
525 16.436117 90.000000 231.750481 3705 -3626 00000000 90.000000
526 16.467330 90.000000 232.874674 3705 -3626 00000000 90.000000
527 16.498627 90.000000 234.000498 3705 -3626 00000000 90.000000
528 16.529908 90.000000 235.125506 3705 -3626 00000000 90.000000
529 16.561090 90.000000 236.249949 3705 -3626 00000000 90.000000
530 16.592367 90.000000 237.375438 3705 -3626 00000000 90.000000
531 16.623607 90.000000 238.500292 3705 -3626 00000000 90.000000
532 16.654851 90.000000 239.626124 3705 -3626 00000000 90.000000
533 16.686132 90.000000 240.750163 3705 -3626 00000000 90.000000
534 16.717323 90.000000 241.874485 3705 -3626 00000000 90.000000
535 16.748597 90.000000 243.000223 3705 -3626 00000000 90.000000
536 16.779864 90.000000 244.125163 3705 -3626 00000000 90.000000
537 16.811085 90.000000 245.249691 3705 -3626 00000000 90.000000
538 16.842376 90.000000 246.375129 3705 -3626 00000000 90.000000
539 16.873628 90.000000 247.500000 3705 -3626 00000000 90.000000
540 16.904882 90.000000 248.624751 3705 -3626 00000000 90.000000
541 16.936095 90.000000 249.750249 3705 -3626 00000000 90.000000
542 16.967335 90.000000 250.876116 3705 -3626 00000000 90.000000
543 16.998595 90.000000 252.000120 3705 -3626 00000000 90.000000
544 17.029887 90.000000 253.124760 3705 -3626 00000000 90.000000
545 17.061079 90.000000 254.249416 3705 -3626 00000000 90.000000
546 17.092388 90.000000 255.374871 3705 -3626 00000000 90.000000
547 17.123585 90.000000 256.499794 3705 -3626 00000000 90.000000
548 17.154855 90.000000 257.624459 3705 -3626 00000000 90.000000
549 17.186089 90.000000 258.750009 3705 -3626 00000000 90.000000
550 17.217365 90.000000 259.874485 3705 -3626 00000000 90.000000
551 17.248583 90.000000 261.000069 3705 -3626 00000000 90.000000
552 17.279869 90.000000 262.124640 3705 -3626 00000000 90.000000
553 17.311109 90.000000 263.250798 3705 -3626 00000000 90.000000
554 17.342373 90.000000 264.374605 3705 -3626 00000000 90.000000
555 17.373622 90.000000 265.500051 3705 -3626 00000000 90.000000
556 17.404839 90.000000 266.624416 3705 -3626 00000000 90.000000
557 17.436106 90.000000 267.749502 3705 -3626 00000000 90.000000
558 17.467340 90.000000 268.876210 3705 -3626 00000000 90.000000
559 17.498601 90.000000 269.999434 3705 -3626 00000000 90.000000
560 17.529831 90.000000 -88.875438 3705 -3626 00000000 90.000000
561 17.561076 90.000000 -87.748970 3705 -3626 00000000 90.000000
562 17.592338 90.000000 -86.625318 3705 -3626 00000000 90.000000
563 17.623593 90.000000 -85.498781 3705 -3626 00000000 90.000000
564 17.654845 90.000000 -84.373790 3705 -3626 00000000 90.000000
565 17.686114 90.000000 -83.250524 3705 -3626 00000000 90.000000
566 17.717312 90.000000 -82.124176 3705 -3626 00000000 90.000000
567 17.748592 90.000000 -81.000541 3705 -3626 00000000 90.000000
568 17.779851 90.000000 -79.873910 3705 -3626 00000000 90.000000
569 17.811077 90.000000 -78.749717 3705 -3626 00000000 90.000000
570 17.842366 90.000000 -77.625335 3705 -3626 00000000 90.000000
571 17.873581 90.000000 -76.500566 3705 -3626 00000000 90.000000
572 17.904842 90.000000 -75.374004 3705 -3626 00000000 90.000000
573 17.936102 90.000000 -74.248858 3705 -3626 00000000 90.000000
574 17.967320 90.000000 -73.124270 3705 -3626 00000000 90.000000
575 17.998610 90.000000 -71.998953 3705 -3626 00000000 90.000000
576 18.029853 90.000000 -70.873876 3705 -3626 00000000 90.000000
577 18.061063 90.000000 -69.749811 3705 -3626 00000000 90.000000
578 18.092331 90.000000 -68.623867 3705 -3626 00000000 90.000000
579 18.123593 90.000000 -67.499125 3705 -3626 00000000 90.000000
580 18.154827 90.000000 -66.375601 3705 -3626 00000000 90.000000
581 18.186095 90.000000 -65.250300 3705 -3626 00000000 90.000000
582 18.217306 90.000000 -64.124279 3705 -3626 00000000 90.000000
583 18.248596 90.000000 -62.999228 3705 -3626 00000000 90.000000
584 18.279850 90.000000 -61.875086 3705 -3626 00000000 90.000000
585 18.311067 90.000000 -60.750034 3705 -3626 00000000 90.000000
586 18.342318 90.000000 -59.623979 3705 -3626 00000000 90.000000
587 18.373591 90.000000 -58.499416 3705 -3626 00000000 90.000000
588 18.404834 90.000000 -57.374434 3705 -3626 00000000 90.000000
589 18.436095 90.000000 -56.249228 3705 -3626 00000000 90.000000
590 18.467319 90.000000 -55.124579 3705 -3626 00000000 90.000000
591 18.498588 90.000000 -53.999348 3705 -3626 00000000 90.000000
592 18.529859 90.000000 -52.874442 3705 -3626 00000000 90.000000
593 18.561057 90.000000 -51.750232 3705 -3626 00000000 90.000000
594 18.592315 90.000000 -50.624279 3705 -3626 00000000 90.000000
595 18.623583 90.000000 -49.499597 3705 -3626 00000000 90.000000
596 18.654840 90.000000 -48.374597 3705 -3626 00000000 90.000000
597 18.686102 90.000000 -47.249622 3705 -3626 00000000 90.000000
598 18.717288 90.000000 -46.124665 3705 -3626 00000000 90.000000
599 18.748565 90.000000 -44.999871 3705 -3626 00000000 90.000000
600 18.779802 90.000000 -43.874682 3705 -3626 00000000 90.000000
601 18.811039 90.000000 -42.749734 3705 -3626 00000000 90.000000
602 18.842327 90.000000 -41.624562 3705 -3626 00000000 90.000000
603 18.873579 90.000000 -40.499871 3705 -3626 00000000 90.000000
604 18.904808 90.000000 -39.374785 3705 -3626 00000000 90.000000
605 18.936059 90.000000 -38.249262 3705 -3626 00000000 90.000000
606 18.967290 90.000000 -37.124837 3705 -3626 00000000 90.000000
607 18.998578 90.000000 -35.999631 3705 -3626 00000000 90.000000
608 19.029844 90.000000 -34.874863 3705 -3626 00000000 90.000000
609 19.061032 90.000000 -33.748790 3705 -3626 00000000 90.000000
610 19.092300 90.000000 -32.624751 3705 -3626 00000000 90.000000
611 19.123584 90.000000 -31.500077 3705 -3626 00000000 90.000000
612 19.154828 90.000000 -30.374897 3705 -3626 00000000 90.000000
613 19.186063 90.000000 -29.249949 3705 -3626 00000000 90.000000
614 19.217271 90.000000 -28.125300 3705 -3626 00000000 167.961922
615 19.248659 90.000000 -26.999107 3705 -3626 00000000 167.961922
616 19.279878 90.108390 -25.873961 3705 -3627 00000000 167.961922
617 19.311067 90.433561 -24.750412 3707 -3628 00000000 167.961922
618 19.342414 90.975512 -23.623670 3709 -3631 00000000 167.961922
619 19.373633 91.734243 -22.499193 3712 -3635 00000000 167.961922
620 19.404877 92.276194 -21.374167 3714 -3638 00000000 167.961922
621 19.436156 92.818145 -20.248876 3716 -3641 00000000 167.961922
622 19.467295 93.251706 -19.124820 3718 -3643 00000000 167.961922
623 19.498634 93.902047 -17.999159 3721 -3646 00000000 167.961922
624 19.529914 94.227218 -16.875429 3722 -3648 00000000 167.961922
625 19.561044 94.769169 -15.748901 3725 -3650 00000000 167.961922
626 19.592393 95.202730 -14.624373 3727 -3652 00000000 167.961922
627 19.623626 95.744681 -13.499167 3729 -3655 00000000 167.961922
628 19.654894 96.395022 -12.374545 3732 -3658 00000000 167.961922
629 19.686112 97.045363 -11.249554 3735 -3661 00000000 167.961922
630 19.717307 97.587314 -10.125206 3738 -3663 00000000 167.961922
631 19.748622 98.237656 -8.999150 3741 -3666 00000000 167.961922
632 19.779911 98.779607 -7.874082 3743 -3669 00000000 167.961922
633 19.811047 99.213167 -6.749099 3745 -3671 00000000 167.961922
634 19.842400 99.863509 -5.624451 3748 -3674 00000000 167.961922
635 19.873629 100.297069 -4.499665 3750 -3676 00000000 167.961922
636 19.904881 100.947411 -3.374528 3753 -3679 00000000 167.961922
637 19.936137 101.380971 -2.249614 3755 -3681 00000000 167.961922
638 19.967268 101.922923 -1.125378 3757 -3684 00000000 167.961922
639 19.998626 102.464874 0.000532 3759 -3687 00000000 167.961922
640 20.029874 102.898434 1.125566 3761 -3689 00000000 167.961922
641 20.061015 103.440385 2.250996 3764 -3691 00000000 167.961922
642 20.092374 104.090727 3.375481 3767 -3694 00000000 167.961922
643 20.123651 104.632678 4.500249 3769 -3697 00000000 167.961922
644 20.154893 105.174629 5.625300 3772 -3699 00000000 167.961922
645 20.186121 105.824970 6.750215 3775 -3702 00000000 167.961922
646 20.217266 106.258531 7.876124 3777 -3704 00000000 167.961922
647 20.248644 106.800482 9.000275 3780 -3706 00000000 167.961922
648 20.279862 107.450823 10.124974 3783 -3709 00000000 167.961922
649 20.311028 107.992774 11.250506 3786 -3711 00000000 167.961922
650 20.342366 108.426335 12.375189 3788 -3713 00000000 167.961922
651 20.373644 109.185066 13.500618 3791 -3717 00000000 167.961922
652 20.404840 109.618627 14.625069 3793 -3719 00000000 167.961922
653 20.436116 110.268968 15.750489 3796 -3722 00000000 167.961922
654 20.467270 110.810919 16.876099 3799 -3724 00000000 167.961922
655 20.498624 111.352870 18.000137 3801 -3727 00000000 167.961922
656 20.529888 112.003212 19.125103 3804 -3730 00000000 167.961922
657 20.561024 112.545163 20.250609 3807 -3732 00000000 167.961922
658 20.592363 112.978723 21.375163 3809 -3734 00000000 167.961922
659 20.623590 113.520674 22.499751 3811 -3737 00000000 167.961922
660 20.654865 114.062625 23.624665 3814 -3739 00000000 167.961922
661 20.686085 114.712967 24.749828 3817 -3742 00000000 167.961922
662 20.717279 115.254918 25.875850 3819 -3745 00000000 167.961922
663 20.748597 115.688479 26.999622 3821 -3747 00000000 167.961922
664 20.779855 116.230430 28.124502 3823 -3750 00000000 167.961922
665 20.810980 116.663990 29.250034 3825 -3752 00000000 167.961922
666 20.842385 117.097551 30.375034 3827 -3754 00000000 167.961922
667 20.873603 117.531112 31.499356 3829 -3756 00000000 167.961922
668 20.904870 117.964673 32.624451 3831 -3758 00000000 167.961922
669 20.936128 118.615014 33.749562 3834 -3761 00000000 167.961922
670 20.967232 119.048575 34.875463 3836 -3763 00000000 167.961922
671 20.998610 119.698916 36.001236 3839 -3766 00000000 167.961922
672 21.029832 120.132477 37.124614 3841 -3768 00000000 167.961922
673 21.061020 120.782818 38.250163 3844 -3771 00000000 167.961922
674 21.092346 121.433159 39.374391 3846 -3775 00000000 167.961922
675 21.123580 121.975110 40.499434 3848 -3778 00000000 167.961922
676 21.154866 122.517061 41.624622 3851 -3780 00000000 167.961922
677 21.186116 123.059012 42.751322 3853 -3783 00000000 167.961922
678 21.217245 123.709354 43.875266 3856 -3786 00000000 167.961922
679 21.248601 124.251305 44.999502 3859 -3788 00000000 167.961922
680 21.279862 124.684866 46.124365 3861 -3790 00000000 167.961922
681 21.311009 125.226817 47.249708 3864 -3792 00000000 167.961922
682 21.342347 125.877158 48.376245 3867 -3795 00000000 167.961922
683 21.373602 126.419109 49.501150 3869 -3798 00000000 167.961922
684 21.404865 127.069450 50.625893 3873 -3800 00000000 167.961922
685 21.436081 127.611401 51.751090 3875 -3803 00000000 167.961922
686 21.467256 128.261742 52.875146 3878 -3806 00000000 167.961922
687 21.498565 128.695303 54.001296 3880 -3808 00000000 167.961922
688 21.529870 129.345644 55.126056 3883 -3811 00000000 167.961922
689 21.560980 129.887595 56.249579 3885 -3814 00000000 167.961922
690 21.592359 130.537937 57.375953 3889 -3816 00000000 167.961922
691 21.623562 131.079888 58.500635 3891 -3819 00000000 167.961922
692 21.654837 131.621839 59.626099 3894 -3821 00000000 167.961922
693 21.686091 132.380570 60.750824 3897 -3825 00000000 167.961922
694 21.717220 132.922521 61.874983 3900 -3827 00000000 167.961922
695 21.748593 133.572862 63.000669 3903 -3830 00000000 167.961922
696 21.779863 134.114813 64.125961 3906 -3832 00000000 167.961922
697 21.811000 134.656764 65.251107 3908 -3835 00000000 167.961922
698 21.842351 135.307106 66.374622 3911 -3838 00000000 167.961922
699 21.873590 135.957447 67.500455 3914 -3841 00000000 167.961922
700 21.904849 136.391008 68.625386 3916 -3843 00000000 167.961922
701 21.936105 137.041349 69.750455 3919 -3846 00000000 167.961922
702 21.967248 137.474910 70.874605 3921 -3848 00000000 167.961922
703 21.998552 137.908470 72.000446 3923 -3850 00000000 167.961922
704 22.029838 138.450422 73.125446 3926 -3852 00000000 167.961922
705 22.060994 139.100763 74.250850 3929 -3855 00000000 167.961922
706 22.092317 139.642714 75.375240 3932 -3857 00000000 167.961922
707 22.123584 140.184665 76.500592 3935 -3859 00000000 167.961922
708 22.154805 140.726616 77.625721 3937 -3862 00000000 167.961922
709 22.186095 141.376957 78.750575 3940 -3865 00000000 167.961922
710 22.217225 141.810518 79.874365 3942 -3867 00000000 167.961922
711 22.248558 142.460859 81.000163 3945 -3870 00000000 167.961922
712 22.279795 142.894420 82.125120 3947 -3872 00000000 167.961922
713 22.310998 143.436371 83.250936 3949 -3875 00000000 167.961922
714 22.342338 144.086712 84.375730 3952 -3878 00000000 167.961922
715 22.373557 144.628663 85.500421 3955 -3880 00000000 167.961922
716 22.404811 145.170614 86.625197 3957 -3883 00000000 167.961922
717 22.436071 145.820955 87.750223 3961 -3885 00000000 167.961922
718 22.467236 146.254516 88.874931 3963 -3887 00000000 167.961922
719 22.498594 147.013248 90.000069 3967 -3890 00000000 167.961922
720 22.529831 147.663589 91.125172 3970 -3893 00000000 167.961922
721 22.560938 148.097150 92.250326 3972 -3895 00000000 167.961922
722 22.592295 148.747491 93.375043 3975 -3898 00000000 167.961922
723 22.623581 149.397832 94.499931 3978 -3901 00000000 167.961922
724 22.654754 149.831393 95.626167 3980 -3903 00000000 167.961922
725 22.686045 150.481734 96.750017 3983 -3906 00000000 167.961922
726 22.717187 151.023685 97.874562 3986 -3908 00000000 167.961922
727 22.748532 151.565636 98.999820 3989 -3910 00000000 167.961922
728 22.779838 152.107587 100.125755 3991 -3913 00000000 167.961922
729 22.810934 152.649538 101.250266 3994 -3915 00000000 167.961922
730 22.842288 153.191489 102.374682 3996 -3918 00000000 167.961922
731 22.873540 153.733440 103.499665 3999 -3920 00000000 167.961922
732 22.904726 154.275391 104.625669 4001 -3923 00000000 167.961922
733 22.935982 154.817342 105.751150 4004 -3925 00000000 167.961922
734 22.967189 155.359293 106.875987 4007 -3927 00000000 167.961922
735 22.998566 156.009635 108.000077 4010 -3930 00000000 167.961922
736 23.029814 156.443196 109.124562 4012 -3932 00000000 167.961922
737 23.060959 157.201927 110.249803 4016 -3935 00000000 167.961922
738 23.092289 157.743878 111.374923 4018 -3938 00000000 167.961922
739 23.123540 158.502609 112.499846 4022 -3941 00000000 167.961922
740 23.154737 159.152951 113.625687 4025 -3944 00000000 167.961922
741 23.185991 159.586511 114.750695 4027 -3946 00000000 167.961922
742 23.217175 160.236853 115.875515 4030 -3949 00000000 167.961922
743 23.248455 160.670413 117.001305 4032 -3951 00000000 167.961922
744 23.279694 161.320755 118.125936 4036 -3953 00000000 167.961922
745 23.310946 161.754316 119.249785 4038 -3955 00000000 167.961922
746 23.342234 162.404657 120.375875 4041 -3958 00000000 167.961922
747 23.373485 162.946608 121.500292 4043 -3961 00000000 167.961922
748 23.404788 163.488559 122.626193 4046 -3963 00000000 167.961922
749 23.436013 164.138900 123.751202 4049 -3966 00000000 167.961922
750 23.467215 164.680851 124.875378 4051 -3969 00000000 167.961922
751 23.498541 165.331192 126.001150 4054 -3972 00000000 167.961922
752 23.529793 165.764753 127.124425 4056 -3974 00000000 167.961922
753 23.560955 166.306704 128.249562 4059 -3976 00000000 167.961922
754 23.592302 166.957045 129.376107 4062 -3979 00000000 167.961922
755 23.623554 167.390606 130.500996 4064 -3981 00000000 167.961922
756 23.654817 168.040947 131.626253 4067 -3984 00000000 167.961922
757 23.685953 168.582898 132.750240 4070 -3986 00000000 167.961922
758 23.717203 168.691289 133.874837 4070 -3987 00000000 167.961922
759 23.748524 168.582898 135.001056 4070 -3986 00000000 167.961922
760 23.779783 168.474508 136.125961 4070 -3985 00000000 167.961922
761 23.810914 168.257728 137.249914 4069 -3984 00000000 167.961922
762 23.842292 167.932557 138.374803 4067 -3983 00000000 167.961922
763 23.873452 167.824167 139.499528 4067 -3982 00000000 167.961922
764 23.904712 167.824167 140.624760 4067 -3982 00000000 167.961922
765 23.935944 167.824167 141.749863 4067 -3982 00000000 167.961922
766 23.967180 167.824167 142.874408 4067 -3982 00000000 167.961922
767 23.998427 167.824167 143.999399 4067 -3982 00000000 167.961922
768 24.029710 167.824167 145.124511 4067 -3982 00000000 167.961922
769 24.060915 167.824167 146.251073 4067 -3982 00000000 167.961922
770 24.092191 167.824167 147.374725 4067 -3982 00000000 167.961922
771 24.123427 167.824167 148.501210 4067 -3982 00000000 167.961922
772 24.154681 167.824167 149.624408 4067 -3982 00000000 167.961922
773 24.185921 167.824167 150.749476 4067 -3982 00000000 167.961922
774 24.217182 167.824167 151.874365 4067 -3982 00000000 167.961922
775 24.248421 167.824167 153.001279 4067 -3982 00000000 167.961922
776 24.279692 167.824167 154.124382 4067 -3982 00000000 167.961922
777 24.310911 167.824167 155.250352 4067 -3982 00000000 167.961922
778 24.342198 167.824167 156.374339 4067 -3982 00000000 167.961922
779 24.373416 167.824167 157.501219 4067 -3982 00000000 167.961922
780 24.404654 167.824167 158.626202 4067 -3982 00000000 167.961922
781 24.435939 167.824167 159.749313 4067 -3982 00000000 167.961922
782 24.467170 167.824167 160.876039 4067 -3982 00000000 167.961922
783 24.498408 167.824167 162.001013 4067 -3982 00000000 167.961922
784 24.529653 167.824167 163.126142 4067 -3982 00000000 167.961922
785 24.560881 167.824167 164.250300 4067 -3982 00000000 167.961922
786 24.592151 167.824167 165.376064 4067 -3982 00000000 167.961922
787 24.623400 167.824167 166.500798 4067 -3982 00000000 167.961922
788 24.654658 167.824167 167.625875 4067 -3982 00000000 167.961922
789 24.685898 167.824167 168.750798 4067 -3982 00000000 167.961922
790 24.717128 167.824167 169.875738 4067 -3982 00000000 167.961922
791 24.748427 167.824167 171.001193 4067 -3982 00000000 167.961922
792 24.779643 167.824167 172.125841 4067 -3982 00000000 167.961922
793 24.810891 167.824167 173.249991 4067 -3982 00000000 167.961922
794 24.842164 167.824167 174.376039 4067 -3982 00000000 167.961922
795 24.873436 167.824167 175.501081 4067 -3982 00000000 167.961922
796 24.904643 167.824167 176.625687 4067 -3982 00000000 167.961922
797 24.935910 167.824167 177.750489 4067 -3982 00000000 167.961922
798 24.967126 167.824167 178.875515 4067 -3982 00000000 167.961922
799 24.998405 167.824167 180.000609 4067 -3982 00000000 167.961922
800 25.029661 167.824167 181.125695 4067 -3982 00000000 167.961922
801 25.060872 167.824167 182.249863 4067 -3982 00000000 167.961922
802 25.092185 167.824167 183.375369 4067 -3982 00000000 167.961922
803 25.123439 167.824167 184.500378 4067 -3982 00000000 167.961922
804 25.154681 167.824167 185.625601 4067 -3982 00000000 167.961922
805 25.185919 167.824167 186.750669 4067 -3982 00000000 167.961922
806 25.217122 167.824167 187.875412 4067 -3982 00000000 167.961922
807 25.248407 167.824167 189.000369 4067 -3982 00000000 167.961922
808 25.279645 167.824167 190.125429 4067 -3982 00000000 167.961922
809 25.310909 167.824167 191.250644 4067 -3982 00000000 167.961922
810 25.342153 167.824167 -167.623781 4067 -3982 00000000 167.961922
811 25.373424 167.824167 -166.499494 4067 -3982 00000000 167.961922
812 25.404644 167.824167 -165.374605 4067 -3982 00000000 167.961922
813 25.435880 167.824167 -164.250120 4067 -3982 00000000 167.961922
814 25.467105 167.824167 -163.125103 4067 -3982 00000000 167.961922
815 25.498373 167.824167 -161.999803 4067 -3982 00000000 167.961922
816 25.529630 167.824167 -160.874725 4067 -3982 00000000 167.961922
817 25.560858 167.824167 -159.748713 4067 -3982 00000000 167.961922
818 25.592154 167.824167 -158.625077 4067 -3982 00000000 167.961922
819 25.623418 167.824167 -157.499966 4067 -3982 00000000 167.961922
820 25.654634 167.824167 -156.374717 4067 -3982 00000000 167.961922
821 25.685896 167.824167 -155.249571 4067 -3982 00000000 167.961922
822 25.717112 167.824167 -154.125463 4067 -3982 00000000 167.961922
823 25.748378 167.824167 -153.000043 4067 -3982 00000000 167.961922
824 25.779624 167.824167 -151.875137 4067 -3982 00000000 167.961922
825 25.810860 167.824167 -150.749142 4067 -3982 00000000 167.961922
826 25.842121 167.824167 -149.624760 4067 -3982 00000000 167.961922
827 25.873383 167.824167 -148.500240 4067 -3982 00000000 167.961922
828 25.904656 167.824167 -147.375343 4067 -3982 00000000 167.961922
829 25.935888 167.824167 -146.250395 4067 -3982 00000000 167.961922
830 25.967103 167.824167 -145.125549 4067 -3982 00000000 167.961922
831 25.998402 167.824167 -144.000060 4067 -3982 00000000 167.961922
832 26.029658 167.824167 -142.875249 4067 -3982 00000000 167.961922
833 26.060859 167.824167 -141.749519 4067 -3982 00000000 167.961922
834 26.092125 167.824167 -140.625275 4067 -3982 00000000 167.961922
835 26.123407 167.824167 -139.500318 4067 -3982 00000000 167.961922
836 26.154638 167.824167 -138.373755 4067 -3982 00000000 167.961922
837 26.185870 167.824167 -137.248635 4067 -3982 00000000 167.961922
838 26.217131 167.824167 -136.123919 4067 -3982 00000000 167.961922
839 26.248379 167.824167 -135.000627 4067 -3982 00000000 167.961922
840 26.279608 167.824167 -133.875618 4067 -3982 00000000 167.961922
841 26.310831 167.824167 -132.749545 4067 -3982 00000000 167.961922
842 26.342139 167.824167 -131.625541 4067 -3982 00000000 167.961922
843 26.373391 167.824167 -130.498713 4067 -3982 00000000 167.961922
844 26.404648 167.824167 -129.374116 4067 -3982 00000000 167.961922
845 26.435892 167.824167 -128.248833 4067 -3982 00000000 167.961922
846 26.467084 167.824167 -127.123884 4067 -3982 00000000 167.961922
847 26.498359 167.824167 -125.998816 4067 -3982 00000000 167.961922
848 26.529599 167.824167 -124.874090 4067 -3982 00000000 167.961922
849 26.560857 167.824167 -123.750017 4067 -3982 00000000 167.961922
850 26.592110 167.824167 -122.623893 4067 -3982 00000000 167.961922
851 26.623358 167.824167 -121.498781 4067 -3982 00000000 167.961922
852 26.654626 167.824167 -120.374185 4067 -3982 00000000 167.961922
853 26.685847 167.824167 -119.249064 4067 -3982 00000000 167.961922
854 26.717113 167.824167 -118.125584 4067 -3982 00000000 167.961922
855 26.748354 167.824167 -117.000197 4067 -3982 00000000 167.961922
856 26.779600 167.824167 -115.874245 4067 -3982 00000000 167.961922
857 26.810855 167.824167 -114.749871 4067 -3982 00000000 167.961922
858 26.842150 167.824167 -113.624691 4067 -3982 00000000 167.961922
859 26.873338 167.824167 -112.499133 4067 -3982 00000000 167.961922
860 26.904617 167.824167 -111.374022 4067 -3982 00000000 167.961922
861 26.935887 167.824167 -110.249142 4067 -3982 00000000 167.961922
862 26.967108 167.824167 -109.124391 4067 -3982 00000000 167.961922
863 26.998357 167.824167 -107.999228 4067 -3982 00000000 167.961922
864 27.029594 167.824167 -106.874305 4067 -3982 00000000 167.961922
865 27.060860 167.824167 -105.750180 4067 -3982 00000000 167.961922
866 27.092078 167.824167 -104.624476 4067 -3982 00000000 167.961922
867 27.123351 167.824167 -103.499296 4067 -3982 00000000 167.961922
868 27.154612 167.824167 -102.374785 4067 -3982 00000000 167.961922
869 27.185849 167.824167 -101.249614 4067 -3982 00000000 167.961922
870 27.217098 167.824167 -100.124476 4067 -3982 00000000 167.961922
871 27.248359 167.824167 -98.999442 4067 -3982 00000000 167.961922
872 27.279592 167.824167 -97.874751 4067 -3982 00000000 167.961922
873 27.310804 167.824167 -96.750558 4067 -3982 00000000 167.961922
874 27.342083 167.824167 -95.624657 4067 -3982 00000000 167.961922
875 27.373350 167.824167 -94.499605 4067 -3982 00000000 167.961922
876 27.404617 167.824167 -93.374837 4067 -3982 00000000 167.961922
877 27.435826 167.824167 -92.249725 4067 -3982 00000000 167.961922
878 27.467058 167.824167 -91.125197 4067 -3982 00000000 167.961922
879 27.498333 167.824167 -90.000146 4067 -3982 00000000 167.961922
880 27.529575 167.824167 -88.875129 4067 -3982 00000000 167.961922
881 27.560824 167.824167 -87.748919 4067 -3982 00000000 167.961922
882 27.592110 167.824167 -86.624820 4067 -3982 00000000 167.961922
883 27.623319 167.824167 -85.499940 4067 -3982 00000000 167.961922
884 27.654588 167.824167 -84.375292 4067 -3982 00000000 167.961922
885 27.685865 167.824167 -83.249399 4067 -3982 00000000 167.961922
886 27.717076 167.824167 -82.125137 4067 -3982 00000000 167.961922
887 27.748357 167.824167 -80.999888 4067 -3982 00000000 167.961922
888 27.779567 167.824167 -79.875163 4067 -3982 00000000 167.961922
889 27.810839 167.824167 -78.749047 4067 -3982 00000000 167.961922
890 27.842112 167.824167 -77.625249 4067 -3982 00000000 167.961922
891 27.873335 167.824167 -76.500129 4067 -3982 00000000 167.961922
892 27.904561 167.824167 -75.375360 4067 -3982 00000000 167.961922
893 27.935851 167.824167 -74.250129 4067 -3982 00000000 167.961922
894 27.967078 167.824167 -73.125498 4067 -3982 00000000 167.961922
895 27.998325 167.824167 -72.000206 4067 -3982 00000000 167.961922
896 28.029591 167.824167 -70.875421 4067 -3982 00000000 167.961922
897 28.060798 167.824167 -69.749322 4067 -3982 00000000 167.961922
898 28.092066 167.824167 -68.625257 4067 -3982 00000000 167.961922
899 28.123313 167.824167 -67.500627 4067 -3982 00000000 167.961922
900 28.154601 167.824167 -66.375541 4067 -3982 00000000 167.961922
901 28.185797 167.824167 -65.250352 4067 -3982 00000000 167.961922
902 28.217052 167.824167 -64.123644 4067 -3982 00000000 167.961922
903 28.248321 167.824167 -63.000223 4067 -3982 00000000 167.961922
904 28.279566 167.824167 -61.873635 4067 -3982 00000000 167.961922
905 28.310790 167.824167 -60.749725 4067 -3982 00000000 167.961922
906 28.342074 167.824167 -59.624073 4067 -3982 00000000 167.961922
907 28.373336 167.824167 -58.500472 4067 -3982 00000000 167.961922
908 28.404566 167.824167 -57.375498 4067 -3982 00000000 167.961922
909 28.435839 167.824167 -56.250034 4067 -3982 00000000 167.961922
910 28.467039 167.824167 -55.124013 4067 -3982 00000000 167.961922
911 28.498328 167.824167 -53.998747 4067 -3982 00000000 167.961922
912 28.529551 167.824167 -52.873841 4067 -3982 00000000 167.961922
913 28.560822 167.824167 -51.749803 4067 -3982 00000000 167.961922
914 28.592055 167.824167 -50.625635 4067 -3982 00000000 167.961922
915 28.623298 167.824167 -49.499133 4067 -3982 00000000 167.961922
916 28.654571 167.824167 -48.373652 4067 -3982 00000000 167.961922
917 28.685823 167.824167 -47.250592 4067 -3982 00000000 167.961922
918 28.717065 167.824167 -46.124082 4067 -3982 00000000 167.961922
919 28.748304 167.824167 -44.998996 4067 -3982 00000000 167.961922
920 28.779544 167.824167 -43.873858 4067 -3982 00000000 167.961922
921 28.810789 167.824167 -42.749906 4067 -3982 00000000 167.961922
922 28.842033 167.824167 -41.623970 4067 -3982 00000000 167.961922
923 28.873316 167.824167 -40.499279 4067 -3982 00000000 167.961922
924 28.904560 167.824167 -39.374313 4067 -3982 00000000 167.961922
925 28.935782 167.824167 -38.249133 4067 -3982 00000000 167.961922
926 28.967062 167.824167 -37.124476 4067 -3982 00000000 167.961922
927 28.998304 167.824167 -35.999099 4067 -3982 00000000 167.961922
928 29.029555 167.824167 -34.874305 4067 -3982 00000000 167.961922
929 29.060802 167.824167 -33.750283 4067 -3982 00000000 167.961922
930 29.092047 167.824167 -32.624176 4067 -3982 00000000 167.961922
931 29.123320 167.824167 -31.499622 4067 -3982 00000000 167.961922
932 29.154561 167.824167 -30.374562 4067 -3982 00000000 167.961922
933 29.185810 167.824167 -29.249322 4067 -3982 00000000 167.961922
934 29.217006 167.824167 -28.124622 4067 -3982 00000000 167.961922
935 29.248325 167.824167 -26.999665 4067 -3982 00000000 167.961922
936 29.279566 167.824167 -25.874734 4067 -3982 00000000 167.961922
937 29.310775 167.824167 -24.750421 4067 -3982 00000000 167.961922
938 29.342067 167.824167 -23.624579 4067 -3982 00000000 167.961922
939 29.373271 167.824167 -22.499674 4067 -3982 00000000 167.961922
940 29.404522 167.824167 -21.374794 4067 -3982 00000000 167.961922
941 29.435778 167.824167 -20.249622 4067 -3982 00000000 167.961922
942 29.467030 167.824167 -19.124751 4067 -3982 00000000 167.961922
943 29.498320 167.824167 -17.999090 4067 -3982 00000000 167.961922
944 29.529512 167.824167 -16.874854 4067 -3982 00000000 167.961922
945 29.560763 167.824167 -15.748781 4067 -3982 00000000 167.961922
946 29.592030 167.824167 -14.624794 4067 -3982 00000000 167.961922
947 29.623307 167.824167 -13.500129 4067 -3982 00000000 167.961922
948 29.654516 167.824167 -12.375000 4067 -3982 00000000 167.961922
949 29.685762 167.824167 -11.249820 4067 -3982 00000000 167.961922
950 29.717044 167.824167 -10.124579 4067 -3982 00000000 167.961922
951 29.748303 167.824167 -9.000275 4067 -3982 00000000 167.961922
952 29.779541 167.824167 -7.875129 4067 -3982 00000000 167.961922
953 29.810781 167.824167 -6.749013 4067 -3982 00000000 167.961922
954 29.842024 167.824167 -5.623816 4067 -3982 00000000 167.961922
955 29.873299 167.824167 -4.500395 4067 -3982 00000000 151.731247
956 29.904610 167.824167 -3.374270 4067 -3982 00000000 151.731247
957 29.935865 167.824167 -2.249348 4067 -3982 00000000 151.731247
958 29.966997 167.607387 -1.125009 4067 -3980 00000000 151.731247
959 29.998386 167.390606 0.001073 4066 -3979 00000000 151.731247
960 30.029616 167.065436 1.125549 4066 -3976 00000000 151.731247
